mu sigma
1.9265358330774918 4.874873113507215
3.0232910667677038 4.915897241794087
3.698531615093943 4.651450673679167
3.3820298860372553 4.7105001417341885
3.97709833017735 3.2322332077004754
4.321392104881175 3.9621374425019362
3.0029160945619453 2.963044721296816
3.6239712412896496 4.590783166953224
2.7193553784978346 3.009779532629401
1.9234693666326312 3.715901327868937
2.0566400621471006 4.209053818447454
1.9704561470687247 3.7636336343409162
3.8004450745851464 3.2054237761924878
3.4271993128758838 3.049105256355291
4.120655795520407 4.103571017590985
3.8713800157772544 4.35121364735831
3.2199124428380306 4.5654597300863875
2.9005773323788593 3.0364334422023385
3.6531270145773007 4.440391196021744
4.117306629059209 3.9993373720857885
3.0626054744426154 4.535286536218143
4.106944170251907 3.9915529908744505
2.687479908006847 4.481852686671266
2.502818472544609 4.395335535194414
2.572299084476887 4.411790317033791
2.2073132101180013 4.167238357421548
2.2198862801094488 3.409830938866026
3.227177848348454 4.492307762669988
2.248088318233152 4.187889111714353
2.477814280613952 4.350196469219208
3.3656352788370967 3.0938125772343774
3.7189196923420926 3.2377459586855464
2.4971214949393437 4.344977912316384
3.7916145658292737 4.272955298162793
2.146749858471231 4.017213566539089
2.5383617347040257 4.351451891234307
3.8252886578080476 3.3252807132783833
2.739786965946236 4.417722931157816
3.7768629075624913 4.26339709904891
2.9366493275265433 4.450681033011488
3.7655005344195276 4.268490812228
2.1262649810889878 3.9071104931782283
2.5158295534609705 3.2160468750700555
3.071505862231465 3.079096335986058
3.5971819903362343 4.347710923896989
2.122423478160036 3.7714061428686962
3.450753588311692 4.394272477547766
2.4208258166054137 3.283118684609294
2.744593842811735 4.399003413625745
2.9742674664166295 4.436288569686138
3.598167982253245 4.339305060714183
2.9558111521045367 3.090980736196544
2.5696818054065496 4.336533364796258
2.1362507760826372 3.8316189987654203
3.5195679871385925 4.363634744996034
3.9793174016212824 3.5637582114821997
3.978520275527264 3.9799645364508676
3.7310152961058938 4.249580730394689
2.3778970007903104 3.3323114933341746
2.29802562095806 4.133548734723503
2.7901729817711614 4.3871270316036215
3.401721139762208 4.38063961186097
3.0353785520908456 3.102639754686114
3.993470714505886 3.675965316289566
2.894711285423793 3.117092393441674
3.2105900490898835 3.1097959788631266
2.9621190979859584 3.1102041673015925
3.978557329130197 3.8910835084899977
3.2613523713014523 3.1244226477204617
3.399699824610841 4.348248358164936
2.3751465111651724 4.14975392229775
3.379451113067502 4.3505790391066075
3.874967995642286 4.053342762455241
2.4890736514832055 4.224078983469999
3.3407839182034564 4.352787047267103
2.626237707426418 4.291303461345574
2.6163884705943232 4.286528542804763
2.684807030447565 4.312024850919185
2.3127053413439698 3.457341324700166
2.6974484271252432 4.307351094407609
2.9984955088538188 4.3643418283659035
3.5366978610737116 4.279695471387431
3.9533881222002614 3.7063439379009964
3.6666692251109883 4.213097755395912
3.922645150015969 3.9282901678778046
3.895404617551387 3.5368260363450297
3.4364050934246877 3.183513839488814
2.5384924375364704 4.230970496762071
2.899515461005438 4.346506668981615
2.97957947593453 4.354899639877459
3.9124538911183175 3.5787155987901684
2.301672743014108 4.021984325483477
2.897294983462109 4.343548603260952
3.7655763490147702 3.379517181884183
3.4924472550983965 4.284283916061419
3.943985245463698 3.7319224043328445
3.9006914683307796 3.949418843892727
3.234409056531339 3.1437103946168357
2.8488471846530934 4.328397824335973
2.2284734136678743 3.721226734814107
3.3009458672863197 3.1569839528552537
3.7034151054683875 4.166038314729016
2.5524985088508334 4.2182724502361415
2.655281139164268 3.2240440030470463
2.314693689431238 4.010194014951164
3.40241312146566 4.3005635894149306
2.6043271148657423 3.250416722259968
2.3535344209618754 3.4503410283095723
3.9021916944441104 3.6105698344699166
3.6964838339777497 3.340674058017111
2.254018003819711 3.8445129628326082
3.589177543229659 3.2700790883436937
3.8505556515275314 3.9911034104690413
2.2528556806121927 3.694452797408889
2.8387479928124426 4.304852941161657
2.2902245513584525 3.9323423190393934
2.263135502061329 3.846736219207676
2.340883282568533 4.012914286308581
2.314578919977222 3.536067417983909
2.786673670486468 3.192456937924274
2.2903800708198947 3.5925467695668822
2.799161011617097 3.191937942798704
3.1169950381711296 4.310870383673844
3.869836674107251 3.889582217033621
2.744701890331558 4.256612955600158
3.676429551944327 4.128736630328229
3.869050200956364 3.8758666520655205
3.5560781294619166 4.198670533788423
3.564980436965319 4.194114970574154
2.6232917556368793 4.203430224830203
2.284032289278473 3.7725884778241348
2.7239487161751414 4.24059738388244
3.6096560650468685 4.164678604228081
2.96368791174557 4.289762820179968
3.441516398501609 4.238128923368186
3.1082958137390415 4.2952503992662505
3.5149463908321095 3.2614617259828016
3.4001227435487342 4.248841855452422
3.234619761879596 4.282129361945919
3.323012947530887 4.26636295805717
3.816954274852076 3.532190571052485
3.297764183690833 3.191882369912581
2.8053966657182627 4.252788324990736
2.30503539574256 3.6676069138859657
2.3204511264677707 3.872161264091986
3.2594187229531957 4.270736223732852
2.6585148681823094 3.2681630282388676
3.8497769756875195 3.632076616461096
3.8464967869842086 3.623831306645714
2.953463977983514 3.184700204168295
3.1035448727536945 3.1775547975332383
2.63601696564119 4.179049044741488
3.14328291940321 4.274170890860623
3.461747764600367 4.208735212511011
2.460027766567448 3.411777823152493
2.9864569739640046 4.2699707477188795
3.266242152167078 4.258523683964794
3.5023072433225333 3.271643433330281
3.1795888134991475 3.1848384950056285
2.3186631787040173 3.7545457722893607
3.8445555046073583 3.69272598729262
2.325573575802352 3.7360533924576655
2.573023797457417 3.3336040738345627
3.2932296232489207 3.2102476325503213
2.579440922697833 3.3350085695220506
2.4542967714207626 4.017550228587707
2.3789204280053906 3.558401907973007
2.5286023999419287 3.37781842174661
3.44467805153268 4.186182104132554
2.393381453667691 3.538330057245912
2.9525900386668216 4.240498354511325
3.6511012347662195 4.068375373004123
3.774202014843558 3.925703326728428
3.7702497874748913 3.5322201560455104
2.6254918238410445 3.3136116469910726
2.3847547715511537 3.5581718107881217
2.473463671220308 4.025784832602261
3.74546817698757 3.9652148949918065
3.187084513704911 3.2029321581918015
3.145719681772958 4.242105686087559
3.6725833127399685 4.041442562744813
3.7867258518177183 3.878756204897379
3.0311456168032205 3.2022003084137785
3.6436961879290326 4.060712216899559
2.477039536292161 4.014131094089456
3.690072697989162 4.0145832111612725
2.364045325485194 3.6525920227776423
2.4923823367714593 4.027868517431301
3.7067632305037495 3.99510523777895
2.430898101722848 3.5027199730281566
2.7890039908161386 3.250493008884372
3.7842327343035933 3.5970829054230906
3.5403354316816085 4.122198931794994
2.6400588372724325 4.1277113752210814
3.7151980573446295 3.9775421192924454
2.8004890688687527 4.1898469451308085
3.1343391659347404 3.2095400671900864
3.6285129863450303 3.395153358280243
3.5618003600496695 3.3455901340932472
3.5511114348559585 3.3397462590872884
3.3676047055114338 3.2556598840095328
2.511116368129038 4.023805046408251
2.389946050823945 3.6198599175356123
3.6336545091489505 3.407723359002861
2.3978478068116442 3.8484169359604725
3.3733521197605354 4.1744986860144095
3.7695830571534965 3.842113761187038
3.4358870470420455 4.150878831784311
2.3797742376091504 3.740433400352746
3.0757409487715814 3.2164945561065728
2.5877210051850237 4.07422878764068
2.78524636191469 4.168513531854085
3.6524526921191653 4.013528858186881
3.2535132372065894 4.197552378271029
3.6629385629255355 3.4431454461675246
2.9743073878782917 4.205314160459831
3.5798175849082243 3.3708181058666034
3.265715470760231 4.19234226980174
3.778432399302547 3.7717071255782484
2.3884996168675503 3.7601442274649073
2.415992501226209 3.5842710854108284
3.718166297450121 3.9245469011478917
2.4297829909575466 3.8881095103543917
2.405513415975267 3.6219004475607095
3.482818335463156 4.118765677990862
2.6354464385573184 4.090757145492204
3.533325694955183 3.346155340884822
3.7084674057257527 3.932078386152779
3.1582651507765656 4.200406506431351
2.3937495930771706 3.7490474098375257
3.7695281224958803 3.7853376488664847
2.4034454395238676 3.6393379065718845
3.0284556041347415 4.201274627366666
3.5037845421926206 3.3303881919713807
2.923243136706406 3.239303015111398
2.8471936165191467 4.171258343970077
2.4073259592471583 3.8081450273883686
3.156888399595089 4.196864281900928
2.4332063509211883 3.8750388219200085
2.497846635882718 3.9708671186928903
3.070040943689793 4.196739116801255
3.3069637636303533 3.2563097678392463
2.4054504292193615 3.773217392261048
2.512904313902184 3.457511886577981
2.9777469039365823 4.187913933761441
3.71030253810975 3.907043344789003
3.742628339007901 3.6034381309566466
3.1694784901872857 3.234291821692268
3.374652115721259 3.2791368129402123
3.7617746836146826 3.73779506650467
2.6427817440660837 4.079384282583356
2.4074978183896394 3.73772073138745
2.6965360472961923 4.107187508725477
3.6049915808573942 3.412252463740132
3.285297283326773 3.2568152874418486
3.144612534343729 3.236104459502227
2.4604291866437684 3.5410057618888513
2.775418469116215 4.135861567759815
2.5844730004738086 3.39845833024933
3.121966222570139 3.236095636127716
3.2252306078905466 3.2468562001543466
3.093002445634755 4.18421182948183
3.640116101806224 3.980486596041862
2.4849661079106538 3.9294474674180058
3.6038697809610056 4.012755255377371
2.490221883756483 3.502147810037931
3.511460708270773 4.076372769562324
3.302212141003093 4.157206254347356
2.474555672765156 3.9071581534317765
2.8270327498244816 4.145758258344545
2.8413658306674 4.148315152844722
3.5411083672022983 4.0516377728035105
2.4743808855874256 3.8972349920758624
2.603323386666665 4.032335096522928
2.729597434793647 4.103995876256086
2.816970898889018 4.135715457060018
3.2608702226148765 4.157000626587082
3.5646083488670985 4.029034779156383
3.6876966266005433 3.8961423235370276
2.4292913096356044 3.7019140119679186
2.5755684633065883 4.003957890644125
2.6180538644672784 3.388623677976671
3.732132879956012 3.6682061149737977
3.7356110423577538 3.7164929021384174
3.69278950642999 3.8775473369980262
3.167192151373918 3.2513589500727926
3.397685264859101 4.111239667229729
2.8604434332361866 3.277513412758614
2.442123217998705 3.7741525596749135
3.7177050974447896 3.806945171201747
2.4988042900133776 3.905527638672402
2.9596766778851267 3.258971875214235
3.7092068334084605 3.8253034910187607
3.4931098337209705 4.062159164360892
2.959169147116121 4.154176474849675
3.1347322893523293 3.252042276621152
2.6866765997445508 3.352012395136303
2.854923978934696 4.131641990302781
2.7235899069273066 4.082196566057622
3.4944540561970747 4.055466856948451
3.7173836560958677 3.6720016323854776
3.521133825293931 4.0367471608635865
3.7161965636537166 3.6689258165681924
2.9067250997039102 3.2739119131853203
3.383225648087173 4.103455596093316
3.3997981361234544 3.3176761059572457
3.3852285922321377 3.3119666021265926
3.3947768177772844 4.097651424015519
3.708564011210101 3.7853977650772395
3.6143003025275418 3.467866003132629
3.3876765852411777 4.09896721864266
2.911375337165562 4.135119836763107
2.8815557751515564 3.2823178464241085
2.8789396998341394 3.283074687494726
2.746640281628504 4.08428191164009
3.484079515569199 4.052556444083076
3.322428073573664 3.292889299621329
2.5149219494207715 3.9015734548632475
2.456875197401481 3.723684528766583
2.5080182036775356 3.8854895685456716
2.521766694272065 3.9049748566402966
2.917730379928778 3.27736971351412
3.2233499586752954 4.134886751029237
3.696247945541167 3.797619203108562
2.5635798759519752 3.9530469228042326
3.3784710592741813 4.094632488076914
3.6731739020119516 3.8546723942959433
3.1743513795964153 4.140167722855677
3.0657122507796046 4.144071208331078
2.485195406426052 3.831929252062425
3.7001313197022356 3.65063955446002
3.2201860502154025 4.13311483643244
2.6864484043500774 3.3686835980275953
2.4935129914964005 3.5750191010770083
3.6945593984985243 3.6359201265346512
2.7565921784879857 3.3335110008234503
2.7554098023498 4.075208262198756
3.105645457604415 3.2661341911291486
2.8313459851297336 4.099048931245063
3.660431699336889 3.566248571775051
3.1107363447966963 4.133450479627534
2.951975411652799 3.2802084855091254
2.9365363892862217 3.2837342886053014
3.6580270213921215 3.5691814597347102
2.6767042294212158 3.3875590405403866
2.49920801491446 3.8187661648087445
3.095980897725335 4.128304111116242
2.5988403775218805 3.9598606653629833
2.5866827680462503 3.4663509116823206
3.592725514457442 3.9336450044765794
2.5058551105625684 3.59193102681174
3.435607489735635 4.047377003511748
2.9870963466557967 4.119898626932622
2.5342393899001685 3.5378618554174244
3.3328975118044637 3.316228582028141
3.227877954781201 4.111041799265948
2.4941120497762577 3.643475130026197
2.4892626460782843 3.6783535012089716
2.535341977652328 3.8712440378216115
2.9521506552235244 4.111630601188189
3.642211902392065 3.560655996297783
2.602296048203529 3.4593619591963467
2.5847842911502807 3.481489162359531
3.28398586691649 3.307043983703476
2.6302712077961763 3.439253746608281
2.8927819722140584 4.091930238846388
2.9236239078966744 4.098536165485383
2.536894154924444 3.555657477350833
3.6198381621907014 3.538063555007078
3.2540708369541838 4.095171358308902
2.5614688162425363 3.5191370061320937
3.6605118293819694 3.7651550388882904
3.1203691963699347 3.286223857966413
3.090242316594323 4.109120651479302
2.5512299550214053 3.541940050808266
3.5605208585085544 3.4690922305999927
2.587174325856312 3.4920427585589198
3.057226099066204 4.107441669485973
3.6500678232811112 3.617487151402674
2.6760558141381106 3.9903440842898257
2.9571678404712043 4.094943183580668
3.470419327079213 4.001161651488818
3.5732356222305746 3.9126285671477
2.6190898031078986 3.4697340514949526
2.906911477932791 4.0785596079964614
3.140794130579279 4.095580709428147
3.5701179877086715 3.907623518480792
3.2921146671428203 4.069373090163984
3.3731144868837903 4.0419671855449195
3.2819164178553875 4.071172349485957
2.6773956408265773 3.422692533621464
2.546442306610435 3.5829472438613847
2.781561346020769 3.362757050441329
2.5717638371055047 3.8592285866142766
3.227530042694355 4.077666139260312
2.71923543370562 3.398388856865757
2.55245727483223 3.5803585632724158
2.720388598823744 3.9970318113455363
2.5344477617782433 3.766817571987226
3.4298425621805864 4.006369291268425
2.68744292612539 3.4215444960222916
2.6675148077288475 3.9600737966237793
3.5562871738953286 3.491537447601243
3.575809536221841 3.5165612719136967
3.4586342045953704 3.9879386033912523
3.2065545391080637 3.3112995852924327
2.565638718332818 3.8392853075623954
2.694908981724054 3.9760529646517857
2.8912263531945537 3.3280685390314755
3.1547413434616978 4.082353906615172
3.5014249616630244 3.9541967633985697
3.6154782623739345 3.5940334598489354
3.458261393242332 3.4101732755113687
2.613273241441993 3.495399112680534
3.0056586197955886 4.080457102895944
2.663962410262102 3.4453412385671625
2.9268386521347605 4.068442038616867
2.95373143505059 4.072928111018523
2.538541124933979 3.75108350085637
2.6045135782702413 3.508604231637158
2.643404169304115 3.930615788159333
2.5374923796782776 3.66057461403259
3.5444131099895335 3.487158761424911
3.4994980705885075 3.9507017269246703
3.5889723029487035 3.8479711471947398
3.1240028915102136 4.079319128794995
2.545341914540029 3.7646342946531797
2.6281488609462738 3.4850957598881105
2.8157646111843153 4.0317122986509135
3.431985687346304 3.993569777179198
3.440568500912992 3.988173404941345
3.627153777766537 3.666718735948651
3.6216407840363356 3.762211896240874
3.2376005097238716 4.063639768016612
3.6273681486030656 3.6749956777850463
2.867714445199696 4.047718967261046
3.5052888840143352 3.453821259048411
3.0898558084227936 3.308809836898142
2.5686014397254437 3.818252789757727
3.413023812601035 3.390926415244527
3.317784268695794 3.3487393202622693
2.8691696461737277 3.34280200902761
3.4899781694974257 3.445162459966793
3.4081182992373953 3.3905994063166323
2.7668884606443123 3.3872227943777053
3.1072260115567203 3.3123565096224725
2.5672831619083243 3.59499640420168
2.935438599434434 3.3276845365593255
3.57145354552139 3.855630234080065
3.4729813933491727 3.956407786960937
2.749420744893778 3.9908467812988544
2.5561884607436287 3.6347083707765506
2.9311569315693653 4.055484792857683
3.394768425199512 4.001415800156436
3.5414669106268097 3.891382485032385
2.677170347942734 3.4520757234861197
2.915592406004497 3.3346095926305654
3.507281422758204 3.9237292283862715
3.0300021288894974 4.066334898850236
2.578296760319589 3.581621222044239
3.4442797355071515 3.4184607902171726
3.224100599858702 3.3302167859264244
3.5085816519040804 3.9187396112568518
2.593148343730032 3.556994051491781
2.5710199403609897 3.615516840196534
3.367655827733947 3.3801261175803043
2.8183445479838802 4.012660204433265
3.5051378185110122 3.474029765266332
2.718961165955281 3.9593331255773667
3.604294431963129 3.730674109240452
2.7062848759406166 3.9485495409099265
2.6958963571493877 3.938713266261067
2.663077452791684 3.910103135233396
2.6830392945301806 3.9275072790050682
2.8780109139341095 4.027140243816788
2.730082280834609 3.960052233391012
3.2020397853871714 4.046603793460964
3.2238043997493477 3.3379670319909636
2.60110971659099 3.8244185442784118
3.599157626646602 3.711257620694133
2.6497844287501198 3.8905386907429995
2.9964631765983136 3.3303998459530426
2.6382583814733342 3.5122703250016496
3.5271410337768394 3.8756649905943927
2.9556759428870487 3.339230972182501
3.547081861135593 3.541963578347814
3.558388542779288 3.8250521478213195
3.4592939606969253 3.935505813213603
2.9742262023748416 4.039988539765536
2.6514664361096507 3.881105377693478
3.155385984790249 3.333173244157888
3.0279010225392704 4.045869543309687
2.5836740905711455 3.6395098959323215
3.1789860059931763 4.038355753268125
2.656066910311141 3.8798324313309274
2.8951790581093877 4.0191298600233045
3.066941109507335 4.0434465791097285
2.8810864586111795 4.014211564263799
3.485172142136702 3.4788577912057557
2.6544565577298025 3.5091729227365183
2.753455859752286 3.957196966867561
2.974573000641625 4.0340486781416836
3.1238844602171154 4.041244958150626
3.0115774918568103 3.337465732188068
2.5954870134269354 3.6164650023193556
2.6799683109040027 3.900076943850941
2.5855033597002985 3.6791434964009446
2.741266340112296 3.9468214159704584
2.7503588273004236 3.429458906923757
3.4330676438390912 3.93908971922726
2.6575950986360084 3.5127348582547278
3.284574165677665 3.3678899419898825
2.8651961811519406 3.374408867779581
2.834536120386051 3.38651767400979
3.5757954889753663 3.726352216063705
3.3818246988960072 3.9670867392229505
3.4332467492831604 3.444369889200481
2.790913022446439 3.968264626503761
2.915723839707681 4.013901826101689
2.7293404434880477 3.4496914516442456
3.2378466752407844 4.017068101865037
2.8852053762938223 4.004449358826766
3.144964827430722 4.030762454800744
2.6113229652493084 3.7813479732762922
3.035515511253783 4.030715721529981
3.324726259475283 3.9885507621535083
3.0314834614143176 4.029581793304981
3.557935845467367 3.611537205507683
3.5447837615137323 3.801920910129538
3.5180630455725774 3.846089737689092
3.207636704696271 3.3543483182093325
3.242164276073204 3.3620504393501527
2.651988829549219 3.8469113912741597
3.336693261555011 3.9805947632458465
3.1762769028678473 3.349676979474827
2.7683680388987724 3.948576602029332
2.8470527315985352 3.3884268435440843
3.1048779864685336 3.343799780832973
3.556648471198527 3.764371938954615
3.183462418752173 3.3512810935672412
3.3569116205627685 3.9695496847099965
2.6227853853172944 3.5927736511311865
3.5402309203674145 3.7988237666438627
3.457271905524717 3.901909799612175
3.560190996155544 3.652639755031968
2.6094992593177038 3.644476456864303
2.7442197099223904 3.926549106712753
3.3152981700750006 3.9826138645728544
3.391553462279751 3.946393017999432
3.4452125801423197 3.4673968012751755
2.9372231318657454 3.364436717884983
2.612352696927803 3.6437145780700253
2.6102551465936985 3.6595746057247327
3.5588038046343873 3.7087873583950026
3.507529119069017 3.5375293750510926
3.1655236796831723 4.015861572083075
3.3918830239231 3.4321049737871108
2.8082416176975213 3.9581495702804914
3.5281213750469775 3.575425762626738
2.911046925103462 3.3749558068789893
2.7787120118556743 3.4332281599147176
3.0959425840260324 3.3516157092752854
2.6174503167272607 3.7340713807677983
3.4820368842914213 3.865098283235948
2.718097280455925 3.4808616083484054
3.065587791451237 3.353621373300429
3.1820926698213423 3.360970251449848
3.3270049901997423 3.4032452218602387
3.003745793776758 3.358727884409924
3.4126776519787905 3.920570369360925
2.822654282483409 3.9588910812291696
2.6184747060171283 3.6713557865485056
2.9102346780493678 3.990815785068041
3.0660353421915425 4.013316216239135
3.5025631541298923 3.5474424780555496
2.675538372042921 3.8417730498591354
2.9069948427639893 3.382103419178751
3.539841595226996 3.7419680658719456
3.1427762180731547 4.007251246930135
2.6354295744656984 3.6146653421363832
3.2450132396380615 3.988981391448964
2.6440413477294653 3.782886644550327
2.861191707180699 3.9693856351872543
3.531663342380706 3.6157637734995447
2.6849990371458095 3.5273449572853535
3.329579664958324 3.411282643070717
3.146551600553275 4.004429790824474
3.512751502294282 3.574281217521136
3.0782538562660493 3.3593994016864914
2.8273380707915443 3.951729786403976
3.037272456481754 3.3619909606540386
3.437502651629784 3.8889731719397154
3.3273866962168928 3.956497127372281
3.111379744262872 4.004467961072873
3.1327027028038024 4.002828828606495
3.0397513979542734 4.002332075521809
3.4443394269317658 3.4911880498995638
2.7898505657244943 3.441424547357508
3.20222561251732 3.9917425830681132
2.9202481708492876 3.981058041823282
2.7174232890944774 3.872251693025881
3.286638211315926 3.3981906458887465
2.930001410548182 3.382938014362673
2.8501426635642035 3.4107258562157283
2.6436751438639945 3.7554970588626837
2.687904929577268 3.5339178616331024
3.488460108804474 3.825055012461695
3.486511300228034 3.5446000341476624
3.5107151132784047 3.5922773514144084
3.324725978296356 3.9490810386917934
3.4918129691324844 3.813045543231237
3.0866144254898935 3.3666628162383914
3.510722465406852 3.5979799028507453
3.146775725920774 3.993014650267211
2.8753254106663735 3.4058679920212986
3.4739077558987415 3.538688287148752
3.4704746327920866 3.534441773560919
2.6636195344399436 3.591018224894724
2.684054883772183 3.8166264747144876
2.6520381260467865 3.7476982459266783
3.515717857646826 3.6263177117056355
3.5197387167944125 3.643820047217946
3.2605386001472816 3.967118728220762
2.646809336901671 3.7123487115056313
3.448870859117622 3.856496600157544
2.8727580207794556 3.9542342309862253
2.6631452299925025 3.772289012010842
2.84438133005656 3.941457490187056
3.364499524006001 3.919384115419771
3.275055855456893 3.9591308375074847
3.1024213190895007 3.988617601197138
3.463241241867699 3.834769793251348
2.7198014687071166 3.5165603145301274
3.316574352984353 3.9410297541298913
2.919840111987753 3.9650128658965245
3.300313800825992 3.4167811737515197
2.7883724596161397 3.9063136493143515
2.9936545826678422 3.980095258986922
2.719049525459308 3.520108937990059
3.122482637250248 3.984970809333477
3.0097227838163714 3.9816530308771276
2.8160228925138493 3.4433188615445776
2.733548909176763 3.506529358830444
3.2159074364689895 3.3912171387001813
3.5087011497538283 3.636856990930661
3.026307651141239 3.3803979535196516
3.063606305586177 3.982584035979022
3.417130331913416 3.8712022414217007
3.5043219980179527 3.635569693459828
3.4687530160939306 3.5547205315999655
3.316856844096056 3.4295972802927066
3.1753040130332923 3.9736949544722804
3.330146963893026 3.4368060407619963
2.9289311087178342 3.9598957778274486
2.7440130055104524 3.862017782331817
3.4158114162127937 3.868664667218523
3.4967676337238176 3.6167416259428253
2.9669043741369476 3.9680361723173476
3.418776545844893 3.4996073840750244
2.6630391617479052 3.6589132710610883
2.805441757901223 3.905984165872537
3.5002236612969724 3.732337245087219
3.501733756438943 3.7219912274941924
3.4649094543414565 3.809128531507686
2.7248549570587475 3.837553289138269
3.2941787607327115 3.4230552985137157
2.6671300551234594 3.712740882602064
2.7921968902113474 3.4690297344108845
2.888108968651923 3.941932781430888
3.082949441110922 3.9753256942157926
3.441933716089017 3.5300898763134554
2.6708435691016694 3.7270019117126596
3.355337776613412 3.905228990051422
3.313990244925524 3.9268069771899405
2.8659645814134027 3.429237154589001
2.7418224081925406 3.8498360291163634
3.2263480099184054 3.4030789012474507
3.404434039515098 3.8686164955149973
3.3626362246499304 3.463114606511545
2.719028247964157 3.544096166900184
3.062386558495895 3.971209920281045
2.711481845424556 3.555220812768498
2.671021162098846 3.670777321699652
3.287116718158607 3.933963072215296
2.7092790641488222 3.560136106501317
3.2275353839175724 3.405855291463093
3.4910401437285223 3.6372252776747835
3.493566892182591 3.6515756051860633
3.495391229381317 3.6850473472730383
2.6917602784535615 3.5948952663625833
2.7744280754132116 3.490318476647386
3.26971742096489 3.938126779193545
2.8503960271593924 3.441430429071406
2.678714398708766 3.7263897246821194
3.0462268963955537 3.9674732400911243
2.675177799625234 3.704074053468957
2.7187643038638054 3.5501935346285607
3.0031310482239197 3.3949611608601664
3.3458007476230724 3.902058676185055
2.8986384126747797 3.9361637759830486
3.327109879384902 3.4490627066704804
2.682346437344201 3.639042806471692
3.0508242386489437 3.391945972913711
3.0793129864529662 3.3912553501970577
2.803522817324082 3.47328675121037
2.796205730031336 3.8814765329632053
2.693665592976489 3.7568754175846704
3.383704183420372 3.4886668413241795
3.374035461974545 3.4815609811910795
2.9452604348278824 3.946117261170803
2.9517408024631364 3.409476125254667
2.8203552538949523 3.8943850265197666
3.455159857065764 3.572144564176675
3.343537216759911 3.896265670562066
2.686970321549094 3.6419875725897093
2.699043230510101 3.6026072575821018
2.926624602977124 3.417903457879619
2.8347152979367247 3.9003586541731
3.0989648995128305 3.9591625368962156
2.7967837779221654 3.484630725164638
2.7431882891801345 3.8248438816556267
2.938614795939207 3.939186828680945
2.734081110056603 3.5488242325408734
2.7207353067964912 3.7908808412993804
3.2141737697361306 3.4143499645040847
2.69045497921504 3.69600772017296
3.0326227435834845 3.4010255973840273
3.0553578091439975 3.400061119434059
2.8487737279847596 3.899501806933557
3.4057226283984416 3.8367003430906985
3.274380318720974 3.9193447866316085
2.78110941026712 3.5046440906366416
3.463315721296341 3.7447774433485814
3.0312507048695023 3.949350837930923
3.3533619707291034 3.8756090591021146
3.4626145108216337 3.621950406129267
3.193419346314677 3.4146018022109326
2.7010059802536306 3.6457330046587466
3.3714653762066082 3.4964473874518753
3.2091977540119276 3.419050406344088
2.8853317466100408 3.4440449392879477
3.026907856927515 3.945663667092172
3.4100452994930706 3.5345722821737895
2.8063600067536725 3.4900787018349586
3.465660616095534 3.7077547763078504
3.4344778551666844 3.5700274348238556
3.3709236283569837 3.857336798312432
2.885512954522807 3.445940363190654
3.130634324271859 3.944505991277734
3.3440433191458885 3.875216315363796
3.2737303680098275 3.4426637032733662
3.0813682248185965 3.9461259215162174
3.4527445712029636 3.7466275596234224
2.795578409008139 3.8539197844481405
2.703284947941764 3.674376719629482
3.362659827941023 3.8611523512425423
3.4617024597443335 3.6467734937903318
2.742828273740798 3.7956352021415816
3.3122630433160594 3.8911820877082137
3.4507186225113085 3.745694213412316
2.7232740263648103 3.597247091193151
2.7065370747081765 3.6581813358850557
2.7867323345181774 3.8427995350130653
3.280519498334613 3.4486931215161434
2.88128497155447 3.4516994566588455
2.790605997576088 3.8451385459376564
3.356190616596673 3.493193156896399
3.3335531954273714 3.8753114750453674
3.3102290625224864 3.8882039483642714
2.842264900747468 3.8796643427506035
3.0270995833049286 3.414516798850328
3.349415533508173 3.4923900767956555
3.207272232076812 3.9240323687236844
3.2181255953163204 3.431985041832938
2.8064327670704814 3.5048525531484955
3.1131972305496265 3.4150127474865943
2.7611732131783544 3.802767226160225
2.7923461742447304 3.835469671305534
2.9898008054488256 3.926625428671699
3.2240611356925974 3.915081378662312
3.4429970723177874 3.730663376346697
2.7467974144966196 3.5771357399756902
2.9453445747151594 3.9145476300864503
3.050206502621922 3.9323032631027015
3.229224218328532 3.4379215107064387
3.449381891511835 3.6752457906915326
2.9390931724466025 3.437976146315924
2.8323688313777877 3.8622943144184294
3.447514100272277 3.691792670419498
3.3635096638391353 3.8411667530943934
2.7283806652296247 3.7317438888069105
2.7447421610640395 3.5862997474936593
2.987248492790761 3.4276479645226585
3.0739402235361584 3.41874592239912
2.7228401680400505 3.672571819981525
2.8318712636050867 3.8582378376063264
2.921065519840554 3.447539161880544
3.4438289881073754 3.680907765939654
3.256818656611407 3.4518489661212692
3.3982719150734138 3.553316939534086
3.3418828271072627 3.852524141477607
2.7450062460159748 3.759570977954973
3.0367813490585958 3.9255227399247294
3.051771196869171 3.421958118765882
3.0837412168717004 3.4209718787408825
2.7266631619039003 3.6893504851430787
3.432746349758755 3.6224483051986676
2.7375500761967797 3.615564892995646
3.10584443543209 3.9255028011038275
3.4316570507510926 3.6222169764452823
2.8868264822125527 3.8842220724923644
3.1495388158301267 3.42715684479437
3.4360789020466105 3.708213166588161
3.25687807639368 3.455798293789407
3.3253847667869434 3.8578505110233916
3.208786345464887 3.4401410610963223
3.199963652545308 3.909937520007498
3.3328040071723746 3.498154187109229
2.801243818446413 3.824906598193296
2.967085266208185 3.909263328204267
3.017525379104531 3.9180043670998685
2.7378441107909235 3.7199379126749914
3.103797117829581 3.921653576895964
3.3445711932676474 3.8410966709524303
3.1427229259374756 3.918198692327221
2.740134787527824 3.629677109046394
2.8234121700523533 3.840311717396936
2.7340434774385693 3.672181697024766
3.2221050854117084 3.446698347358048
2.826684108781736 3.8418690020001023
3.21469061544362 3.4450285726290586
3.0376908396518942 3.429210047249263
3.0695981889886212 3.919263163438038
3.4137961282734244 3.6006584942572974
2.964347017115311 3.443696620922388
2.88077010812691 3.8723485925567376
3.4094784836771765 3.5925097273240656
3.3391187199525345 3.5094577740820387
3.2129341816213435 3.9003349623416206
2.806813322980564 3.8207958075288797
2.778520161380076 3.5616742993843142
3.3891560159037915 3.7888058852765645
3.2948600379599147 3.8666145632642444
3.2794455426540363 3.874360371026949
3.0536835028234015 3.9151591013222875
3.4079022881484944 3.5945482171474437
2.8476353021411867 3.8499294566613096
3.118494307685703 3.9140091576052805
2.8507240173118005 3.49680531599865
3.4029801313208425 3.587986305169171
2.743561525750052 3.696607958798225
3.0421370343857252 3.9123852473908505
3.0357594845790685 3.4342815890938776
2.7954618892144194 3.799994882592237
2.7495815925060665 3.71118379650419
2.745930669868169 3.66837659417554
3.073888021851942 3.911069181849942
2.7972058555045107 3.8000091107334812
3.3350048960606986 3.5150418308342415
2.8981644040610544 3.4744760322344135
2.936840626106316 3.887009764424596
2.7591588983869824 3.7324652260556945
3.288977395428519 3.486987013670678
3.1296095340523196 3.905922549377523
2.9614219657293583 3.8916482012287865
3.2469187446705536 3.4678553382237123
2.752514072507133 3.685250836918432
3.314896767776723 3.505805929070285
3.408948272504586 3.632908849265325
2.9331953772848403 3.8798698866885095
3.3584679721599886 3.5447506164958376
2.786572551713893 3.5735881133669216
2.8442152535102383 3.832812211509329
2.9988772722635364 3.4471623559278273
3.387143203386389 3.7642563500974884
2.9163477304787584 3.4725008975604297
2.908760390681495 3.868887832244626
2.855036010258059 3.838881007065471
2.8483804970614495 3.8337799451034247
3.0039728510296726 3.447360072755071
3.2331087965029153 3.4676152797898925
3.375062197745557 3.5710360892692035
2.8472295943291694 3.5156800807806174
3.3917487979283667 3.6008623226704453
3.3824970696854413 3.583657596860988
2.9236600150896837 3.8715048390478692
3.197172531656687 3.885205964436299
2.850014147169701 3.5163053644227427
3.324863817330701 3.8220906543051134
2.768181976637974 3.7076704027425196
2.8945205874137465 3.8537376292463463
2.7660518033388786 3.654508080729457
2.7778075893464793 3.7348917206172603
3.3897764336064395 3.61162912262998
3.23636968835036 3.8673623731638207
3.278820890634776 3.4957692672822676
3.1560415403787534 3.88852934034793
3.273833897488665 3.850181567930923
2.822884211848492 3.7976562171693877
2.8919930298663656 3.84863643082526
3.3944805124261617 3.635462685831733
2.8212464230172674 3.5510556812465883
2.900803116328832 3.491568387357305
3.2274925678071202 3.4741289152566974
3.3804703028385816 3.7442900049407535
2.8309213140444145 3.5423030702439435
2.7718120408114357 3.6807086604696204
2.821874246662965 3.792108332633436
2.9785769401180273 3.4631470307725265
2.8910364309453307 3.8437646710913875
2.780575185711588 3.6258118961174035
3.151688852971417 3.4564543549123448
3.2429694490577434 3.859077219691719
3.2697401657271445 3.496476412145442
2.777710311429727 3.6939615773686425
3.367761285849446 3.7543151400762365
2.9739000316409787 3.8706640923678632
3.0013263555260417 3.463419484068689
3.3846789522684873 3.7018846908692984
2.78111514796268 3.6650900655218637
2.8894953980279197 3.5065809409688553
3.0165497320718764 3.8778685177637975
2.9164170513186467 3.84761170075007
2.8508982473044786 3.5363196969959705
2.847396536385963 3.800849186342628
2.844113524523429 3.5443723647146044
3.2552966014317244 3.497156739788776
2.8246715861521188 3.7758083345020506
3.330157118446161 3.786075050509287
3.151984705541307 3.872445192476937
3.1922815455909404 3.4763593210743897
3.3773140543037226 3.6843028672231193
2.807953922985487 3.7415096867592066
3.2124267839385916 3.483718805542188
2.908853001531585 3.5048877094140485
3.336833982851779 3.772320326639739
3.2565927191666493 3.834998640412369
3.0757489507941904 3.46460266194279
3.357299314762094 3.606322371578799
2.823843497298123 3.584233958400432
2.8621437109803387 3.5410267000511286
3.3039720797721484 3.541123150593516
3.3669142898828417 3.643777099049457
3.1519663057702374 3.8649922988377776
3.045376107160756 3.868252832476407
2.807605076430625 3.7171821014226536
3.367090458753098 3.672028922184205
3.298780679501634 3.5403474057043365
2.8025350256316033 3.6752973610124857
2.8246458173877595 3.59414253689601
3.209079635985521 3.4918542825173486
2.8950840113745486 3.814473360651167
3.3298605226065456 3.5771534707691384
3.1108754780071193 3.8643957430446263
2.805898871434152 3.6670355696427364
3.146125127427956 3.860031530486679
3.2066497509122946 3.84480267234828
2.876202915257942 3.799347714549955
3.337987691571009 3.5910447502878515
3.2039866020588983 3.845306490163984
3.2906656920993536 3.7988548740177492
2.8622934826355695 3.553562129874833
2.8414455268660017 3.7618286683404145
3.061135040149334 3.4741494451423716
3.3163965604914063 3.7730891585708646
2.855362912108868 3.5614850548007366
2.8155105777512475 3.6296547831074513
3.29866782882364 3.789299769328701
2.8244770061149445 3.60922924473333
3.0629279411095074 3.4755414039873216
2.8289058038328947 3.6024011605749924
3.306247105198511 3.77980712115434
3.2757969826561673 3.8040697504426184
3.062534826731132 3.8581680851219775
3.0028824312139935 3.4862429469033818
2.8180875376956385 3.675980873393459
2.8747256604828886 3.553325856445962
3.1900644665971885 3.8395764702810222
3.188502441932119 3.840034415230424
3.311714586782611 3.5765623670938016
3.268772259628606 3.799774097036602
2.8691823579263382 3.5622488247620243
3.1679163614370642 3.8422251896525332
3.164817115541031 3.842818723185207
2.892730625132027 3.5430818007410023
3.1612127136296833 3.842838618508006
3.338971212688521 3.6342568587842043
3.3258150130532274 3.734570774832272
3.0831723072284865 3.484178171040461
3.0557610461864035 3.4856463256166865
2.883413735932414 3.553957987652469
3.333534578618516 3.6268253569054076
3.2107328985077475 3.8244269030647473
3.2701538794759037 3.7916022401292366
3.2429205833095134 3.526080453752009
3.0999807949296088 3.8465321710373805
2.846781997856491 3.7330093126886665
3.2833347922933207 3.557127865616968
2.89235585647421 3.785025336430694
2.8321019280188544 3.6853018562257183
2.831221063559525 3.6697188411072155
2.870219755952827 3.5749424882900054
3.2228526111077525 3.8144181332936618
3.3174359041732098 3.6046513956812953
2.905470249994943 3.791044734062949
3.1123034186395735 3.8420085361486835
3.0932347137525626 3.8424043610326963
2.989977746249433 3.504360960645167
3.282994091489497 3.5628925539048777
2.9877639685263087 3.828311893200728
2.9161990368622366 3.538156713980986
3.328887173436556 3.6917514117718286
3.267636431245424 3.7838940381475195
3.218326086189097 3.8132684623297033
3.3255023771229535 3.6333837584832454
2.9649562210951053 3.514167292927053
3.0794118936094907 3.8390889538877477
2.8486104074803325 3.7129325865057208
3.19050389807444 3.8214404835744125
2.8636638363642875 3.5955227288577856
3.2483715024219824 3.7923474810671842
2.967181515412767 3.816087560687408
2.8602289318184013 3.731791023973112
3.267488246314775 3.7779824165658917
2.9980081874815894 3.5067542874561575
2.985613036247095 3.8220176982000416
3.153015135986813 3.503143177926912
3.2941521119952686 3.585806359103489
3.0114072675489503 3.505008666600535
2.9236902038206933 3.791251422814772
3.2374392022456693 3.7947317754317873
2.8978110959675094 3.771055061890652
2.8635968549609374 3.729622835003241
3.142359692885304 3.5038266511279503
2.876093754345569 3.5877271814294938
3.3185161705331083 3.6565566750958083
3.1042945874870287 3.8300734762761808
2.875764612486782 3.5930202103601556
3.299512128457118 3.605905861102322
3.315878694688914 3.6695568585630536
2.88531636964116 3.582417206609978
2.9623892823042275 3.8046460242291835
3.240096559560426 3.786009360751727
3.1078748753600793 3.826546311216565
3.093037036963619 3.8271434173380925
3.312414141685884 3.6638944956818476
2.8741551102559955 3.602576114520895
3.0955480976038934 3.8268277862154356
3.1051239511786926 3.8263043103653693
3.3097154492002194 3.6464487129198906
3.190484349568311 3.523983311574935
3.308688229247587 3.6477920281138347
3.125150108143817 3.8227240973853482
2.9136856874852146 3.560846754487317
2.9168976882287327 3.5588102803951402
3.2032207318977224 3.5304217025455777
3.106369520498821 3.8238663910742776
3.2942939748539644 3.6094972135954433
3.0985004961711606 3.823836551885196
3.200288460375445 3.8013789849449564
2.9351335021970515 3.784446708336536
3.166075739590473 3.8128588343974785
3.021118682991512 3.513305486243283
3.1258336002439617 3.5098320169114405
2.8859685050048633 3.592869317734057
2.877354762821759 3.6070506944203897
3.2066891420060903 3.534904263340493
2.9152271554979436 3.5642965530218307
2.8924660502172705 3.743155019981793
2.9654306005093605 3.5340446676350217
3.1713240699563743 3.8076482819191195
3.2912954090507585 3.619290312053303
2.958477332524857 3.7910407470645833
3.107758741937954 3.8178247145785225
3.196041816582207 3.795856515863305
3.1760598617071443 3.803128205037925
3.044816007242522 3.81503214702102
2.8740483610741343 3.63268744838785
2.9539192246394457 3.5451927118177062
3.2146469510149576 3.7844821701328857
2.9523173656086295 3.7830042580193544
3.186856002202641 3.5336893407401297
3.042931989942735 3.5175478500428374
2.977031211490175 3.7939423545432467
2.8911825691847777 3.6042072823418576
3.0646993575362353 3.515969396724297
2.9016090987819383 3.740024875777191
2.874124429860012 3.6787277844581974
3.1793215188103723 3.5325382567753936
3.0206570778718618 3.806038819123617
3.2651782046071935 3.738393633661612
3.0275252950717855 3.5228815337650476
3.1254693852129978 3.5203526067819233
3.1746602504473453 3.796534630529842
2.8768904695040187 3.6693006311976544
2.887673734096239 3.7117053335522354
3.2887093241517458 3.6575396980180375
2.9535648715566243 3.776471356199667
3.2575095907630622 3.588248118152416
2.8835049406994946 3.6926035977228056
2.9735020982936207 3.543593255445627
2.94862791630134 3.7712984725789473
3.0330146934246804 3.802782340532991
3.001995392621584 3.533625080049751
3.117580058982316 3.8052092509410067
3.0733775042215425 3.806361571929213
3.27396471721595 3.6212290170938894
2.938297890275952 3.7610998701524956
2.990005483356493 3.5400749192495597
2.988295273719065 3.7872139952226536
3.277168953662212 3.696384449854311
2.9177920022682353 3.7411773965812314
3.2271043770660297 3.5677132928286905
2.8873101419858003 3.6801682793735817
3.2809177672546026 3.672625572666065
3.0719624312577225 3.8032528461511736
3.152296430536636 3.5351295024806055
3.1523918547719982 3.53574634116503
3.27128992179355 3.69824358620443
2.9845916006389697 3.780931734210087
3.1312584667753116 3.5318519308294833
2.913305734366803 3.6019526985016235
3.261913787490563 3.613630464910747
3.1528862315584187 3.7903084136230842
3.0251815218401665 3.792812137495657
3.0517966013249347 3.531050784503733
3.2104863856748658 3.5642538923734266
3.1078996136197516 3.796554358333162
2.904868198678947 3.708089661856644
3.2133091933792404 3.566365739476053
3.047474981311207 3.794655798968078
3.1999434099615294 3.769198034373276
2.8981343749870128 3.6428476412615485
3.225292886741115 3.5765770755429593
2.9506925760264284 3.570727955689633
3.0872498573202005 3.7956471454569134
3.2499306601600075 3.603704932050587
3.2413957278223506 3.7328423268245725
3.2678224934330387 3.6766487713333373
2.9964885765555334 3.548830647781685
3.2562105276865005 3.710159050143909
3.0964838465943343 3.7921646656349473
3.061489636032655 3.535725326481067
3.184912898591152 3.770428789117129
2.9716714179003927 3.563576549962218
3.202422185761617 3.7590787841578526
3.2482195813309067 3.6149144208959867
3.0589483496311605 3.53849641451834
3.241630582425291 3.605383533920979
3.007675572065258 3.776989892737891
2.9360204236412497 3.733220152056555
2.9572305927954066 3.5757174015612674
3.259181457934275 3.6461503323374833
3.0452797616241396 3.540990956268226
2.919121449799518 3.7093941343314176
3.206248763630798 3.5738621232383245
3.2484981505933335 3.6197036589298888
2.909754493560528 3.675909470912002
3.2513955349870294 3.634442987554643
3.2541842940370156 3.6814401269638326
3.2465348173494073 3.701370012862817
3.201399558439468 3.751012511754168
3.12073232967075 3.545486916788498
3.236606783603282 3.6124482199404246
3.2272684262147995 3.601202971006482
3.0691909495483864 3.7811233725372255
2.9321971853648177 3.7133205594095497
3.2072234721355986 3.7425930651641615
2.917304002271619 3.658050673869332
3.020099240585084 3.7715183004725503
2.92295613656822 3.6349253809351536
3.1861133531355983 3.5705345280205507
2.9184970797462717 3.6685283229730374
3.0965879516317334 3.547515967435475
2.9208351662340233 3.658747514943304
2.99917670577607 3.7609863284539804
3.01078566321983 3.7654509853316114
2.945554344113148 3.602924721162944
2.9714121552708805 3.7433822647200223
3.0538687506366378 3.7728766144467145
2.9267149921107247 3.6492708682674047
3.150735239168823 3.561011827646089
3.135722971135075 3.768060694557458
3.1367615502290436 3.7676688905910876
2.9275240155528772 3.6509718552338644
3.2046909068428 3.5936105718620808
3.0131629457600533 3.760072356203565
3.0666215703009367 3.553723223219092
3.193028197956055 3.5853383743463714
3.1521468798404264 3.5646553767189704
2.947272959660095 3.7116800269838155
3.08559846458363 3.554850618613348
3.1367115046988534 3.762597888127856
3.1117721715254474 3.766985854994763
2.9579982820890005 3.604574191287497
3.2299423831494005 3.639138922083047
3.0113954140451376 3.570493278377118
3.066228371768767 3.766220905327105
3.230274323302673 3.6771011412301906
3.1011321924061575 3.5584552203916378
3.2184784383520473 3.6210399372258797
2.940317769008808 3.682462763822398
3.1370242639205523 3.565795469033234
3.1209333687399123 3.761582734357854
3.155342906090581 3.751653318038759
2.9505470801914786 3.6218931751659555
3.220239402831524 3.6960072223165135
3.220515662305406 3.6901122205691657
3.082976806328816 3.7623140319789843
3.011343958368534 3.5758183474907472
3.1525314029488065 3.5744492784088706
3.153163666555843 3.57505222650543
3.1420277684125058 3.7515488100920793
2.960079401099784 3.706561640491874
3.0091596458844254 3.7434372559022484
3.167469831783624 3.7385176926316848
3.0476690718433144 3.5687648012209134
2.9909354138736797 3.7318115338179374
3.2085690636184023 3.6991294696571013
2.9893150089758436 3.594983492893422
3.214610960523216 3.681473593569632
2.9614335667094682 3.6963575045592973
2.958262599923308 3.6337933034983023
3.0881391486649274 3.5684428406090496
3.2155519827407923 3.663910203948472
3.1104360191565346 3.5708030953670997
3.211054908425113 3.645328673416179
3.162787310224133 3.7335390327199662
3.1909594032971427 3.7095479387062906
3.0064788130812974 3.7314474277618057
2.9620642958602694 3.64470807671931
3.0380190795761415 3.580013442011063
3.177145669635562 3.7189425002700327
3.109787324934471 3.5767074469543085
3.0425870215368493 3.5811717509935637
2.9817444272786116 3.6164639425918472
3.0599926915110403 3.743800917384738
3.0162439502561162 3.591954831766668
3.1987230865858427 3.6827294984569914
3.1285566703343792 3.5840479995715673
3.148887202766857 3.73041296830891
3.195405151058365 3.639339947953502
3.044324851517517 3.7379013986831637
3.148601499742801 3.7277963031686188
3.194499552314009 3.6783735879851327
3.001402362939354 3.606999370828226
2.973975322915491 3.6780417221320887
3.1896447487722206 3.6878886160583244
3.1289532729508562 3.7336925253207105
3.17662831092541 3.6166536160244394
3.173373587518584 3.7060273610494034
3.1901462462543453 3.645349883412151
3.1612488398827896 3.607217417018977
3.1043716468993 3.5882927135337574
2.999609575665379 3.6201981983201934
2.9878430072142677 3.684691700654991
3.170180123917099 3.698362615781835
3.183710528903218 3.6580187016840737
3.011923280575215 3.708293258484046
3.1177850742715463 3.595354275870433
3.089247883562709 3.730083756776473
2.993358494890894 3.6365176017384577
2.9898101140793094 3.6546613271504325
3.1684499949936584 3.6309512104764705
3.0543624624736743 3.5978381852732397
2.9925908693303924 3.668376605602715
3.1341831436244973 3.6080737129785407
3.0954589830992263 3.7230172163067032
3.1714429602777856 3.651923086627628
2.99578399528305 3.6562385703065075
3.0834542619490617 3.722839525470399
3.154364322345547 3.6951094369458977
3.003596260326666 3.6418998215303393
2.9998541461315087 3.666719551316184
3.0114367014502315 3.6909852534403864
3.087019179901117 3.6014759007244312
3.00435398946342 3.6433213359612457
3.120277006321418 3.6086076689687947
3.05918176557562 3.6055030556436716
3.1647777919133526 3.657683395774
3.1331576253779603 3.615249342958926
3.1608302184921593 3.6475731330961736
3.0203462796867804 3.628956065013499
3.0693594419556463 3.606421596113859
3.1544592167386183 3.6396585713715464
3.0167418370203016 3.6358021043278455
3.0903059940383226 3.607683214311481
3.0981818424717704 3.610179273216871
3.154028565813313 3.661598080454478
3.0910899118892705 3.709429371192946
3.150802476694623 3.650817468322444
3.0715513590166212 3.7050929894186666
3.0237614366022885 3.6588437476264035
3.1103357113051366 3.6220165312641646
3.1264626790196264 3.630561744974197
3.143210826312386 3.66255249407567
3.0601923556673674 3.6973721416301926
3.0947929407692563 3.6212851945837072
3.1142577533957203 3.6269735957533933
3.095214273534223 3.6966064578830933
3.0419122696620384 3.6823411736050824
3.067790285610625 3.6952991828078767
3.0350585263571968 3.664913780327039
3.0692864753614812 3.6285306195108395
3.040575465954489 3.657802466130744
3.106421432386648 3.6858540662055708
3.0448999224502975 3.671288633698105
3.1247598650480404 3.665756436159377
3.092138191635163 3.631112274507837
3.1187407769735414 3.6599228626708467
3.078819902709739 3.6839201907955053
3.0638356994591365 3.6637176729573593
3.079402762517813 3.6554201244508286
