m c sigma
0.44770277611939957 0.8190292500072807 1.053462332333293
0.5585638201352171 -0.3730299180087986 1.1383701736026428
0.3869385266485175 0.8624809299807947 1.046203544421414
0.47415922584198217 -0.02278421411256648 0.9058269399536976
0.4120024864204085 0.4415832683936922 1.0467683814624171
0.6049635252680589 -0.33519887096535417 1.0844750125301086
0.6017152863859564 -0.5102162492786402 0.9135182322688267
0.5181743097667655 -0.21930924957472953 0.9143884507345217
0.42060631155213646 0.5096291010859475 1.0772880794193354
0.5182477455410811 0.2569461706658518 1.141440664731278
0.4999935097002225 0.06603243593291719 1.13466063606926
0.46153015783265683 0.5526079989164323 0.7515163978673362
0.6028303068247797 -0.3319661347039804 1.0435797134583367
0.42252458556836686 0.7175512025624795 0.8283294335948144
0.5969135337720872 -0.11956161045852709 1.0009738413025762
0.5543880423339547 -0.3271989750131994 0.9832222525708867
0.5372143840133627 -0.26627139844115666 0.9645977756789902
0.4339443677874302 0.4561558265587107 1.0605260356374364
0.5435355960971138 0.26766752189755705 0.993971726171523
0.43241512665353854 0.3479080453951373 0.8966261573197296
0.5550755256765197 0.19558338696568267 0.9848825067132729
0.5374065481563264 -0.13609599124894833 1.0896009591699087
0.47490049207654383 0.26131330655637397 1.1101633461010547
0.6051506864218187 -0.19235083883114523 0.9124953623849048
0.4544003042017608 0.574464827802764 1.067883535014278
0.5566986829221262 -0.0037425628412199874 1.098910736152531
0.5692628495247322 -0.2309495835974238 0.7618885277994589
0.45879180639873407 0.1725331805766417 0.8671673257167409
0.5651458630842345 -0.2709628333532095 0.7860726363567989
0.5550309154390888 0.19697342920695604 0.9504716675698193
0.41891100293431416 0.501140999633165 0.9619236811950045
0.5384864469151976 0.27616609754270316 0.9986313698766119
0.5949503208988853 -0.12111863845022253 0.8696627158179232
0.5491238493742728 -0.2905385065287236 0.9643342107556873
0.4418535566210603 0.43927446907254186 1.0591627434152677
0.5477606411995046 0.006865884425625524 1.1012462686266822
0.4204984036871143 0.4878303699522304 0.9448890325449946
0.5336040717099757 -0.23248654448388462 0.9231022957370917
0.5230106424545635 0.3116964409500813 0.7870415007599283
0.4476934739401029 0.5162213558902655 1.066721745114492
0.5341704150560467 -0.21055254529949052 0.9905132613231156
0.5975144800962715 -0.23689754300406185 1.0017663537666666
0.5546975171878961 0.12104791110953972 1.036810890997402
0.49850029137086416 0.08652929846325064 1.0856609200097618
0.42045198918234794 0.7064282026246107 0.8977961371248699
0.5194390060325967 0.3676235401803072 0.9975735100801354
0.5155831067084014 0.39385737512119867 0.9865926701383303
0.577800794402995 -0.18815355248975774 0.7734796152649046
0.4655403950610466 0.40616579579280465 0.7373070583731385
0.6009208578384024 -0.3233981429266417 0.9772047612802666
0.5943424304308877 -0.2159876607245257 1.0044001802447868
0.5174882755900172 0.3646509640240754 0.8191568158422482
0.4321578594309971 0.6414934911546037 0.8239159258006639
0.4634614246906482 0.607448512962161 0.9885431047841509
0.5206696340879382 0.3687789312508074 0.8575949378807679
0.6038971631878923 -0.2625824062565152 0.9263659262833074
0.5524032450492353 -0.20293927113057375 1.0477787781972216
0.597455699581892 -0.1666307019142632 0.9284771073381872
0.4728312326202147 0.19454614170933748 1.0537842679046703
0.43586852066447723 0.6678320119694616 0.98182836390792
0.4856012067713031 0.3039711533536922 1.0947301141888426
0.45546450196903426 0.23250163235325427 0.9820043774162683
0.5438008505492136 -0.18566356437181053 1.0369602604623742
0.424686984202824 0.6092504021214928 0.9896355749085257
0.5563948527786856 -0.2502031231087545 0.8088326712977402
0.51845542462685 -0.12904468531737834 0.842943821029474
0.4763601512678085 0.0979855168750805 0.8435647429256365
0.6000364310388444 -0.3505659130132679 0.9088969881007956
0.45388608754341003 0.5341600241924858 0.7758371092089997
0.5663068333880865 -0.32882816102237356 0.9266345923532515
0.5392570970906032 0.07337750994151104 1.0838925092748184
0.47158468913297363 0.4210796417297926 0.7452517768627898
0.45142440437468456 0.27761927243375384 0.984831869840283
0.5250049776041696 0.27785546137710115 1.035455057952172
0.4717385059049933 0.501572450231706 0.7787753106750771
0.5689572044514712 -0.2962132125424586 0.8334535753204453
0.44431913530431366 0.601761567973325 1.0086443485606638
0.5759632828996359 0.012349704317661025 0.9004732036457803
0.6002648149231031 -0.29048651366286626 0.9128247377141602
0.47533851342212025 0.5184819327708867 0.8023677318506761
0.5681180287485944 -0.21799270065512077 1.0332158170181385
0.49823176887365417 0.27099893657107366 0.7271610932088681
0.49870100300020287 0.027497605540577563 0.7870581399086106
0.4885818583828927 0.25241616375943954 0.7281972181760457
0.517517181109732 0.16800817140111413 1.0844942386158232
0.535504777467788 -0.2032237481323076 0.9542017378061183
0.4400835125924666 0.37656133735658015 0.9725811753006476
0.5076705812794077 0.024326236841293536 0.7593232332146127
0.47272764642020076 0.1477355551619799 0.8244997962135543
0.4762440458722189 0.09992468713881619 0.951837270651218
0.49314810226322026 -0.005031247671873018 0.9001927985645718
0.5586760335345444 -0.06883304346339392 0.7554850579491212
0.42842663849788876 0.6278959532872972 0.8577894737151355
0.5345574397020931 0.28370618285538685 0.920083011544194
0.5966818847541888 -0.22293647855202448 0.9142935778579818
0.5657223247233742 0.02740936787795567 0.8119389084132778
0.5694919896719741 -0.2448357857410599 1.0141634310055627
0.5166505013087604 0.03256670081093871 1.0700128602531482
0.4248814905510234 0.5485837042754218 0.8780307551446596
0.5053152777947073 -0.05651469366209194 0.9594792522824952
0.5454956507473221 -0.24416866623331135 0.9153669072322097
0.4442227449991231 0.32536132976062015 0.8878750757026755
0.4715394886772257 0.39705546992164553 0.7487775112363353
0.5605696878667815 0.06380919986930556 1.0031623148528854
0.4546901376491159 0.26678939154805636 0.9731156143179576
0.48746227106340034 0.4770307031014309 0.99600494315848
0.5711107641759463 -0.23653847299545427 1.0088654929685448
0.5570945623214432 -0.26945763499196684 0.9489059941664708
0.481965729525553 0.33877038326965403 1.065959183711268
0.47795338767620676 0.39390034819640096 1.0567846852671345
0.5379598769787165 -0.1291989150874775 1.0295748742522137
0.582245667942404 -0.07284527634304006 0.938748798343833
0.5454268997678344 0.17833714475206142 0.8259555697188304
0.4954274666479378 0.07155154965488464 1.031911102390354
0.58690402480002 -0.13174710138792434 0.9478606337776431
0.5059996332084227 0.06337414831253207 0.7514398574194064
0.5574653141981812 -0.11776622942817871 1.0444719411220065
0.5887084657656587 -0.2950909961588726 0.9513320128913222
0.4290547765138315 0.5407891527504023 0.858803837199088
0.44318163470524385 0.38034452614501646 0.9773092751149327
0.5640755711779473 0.0337464999928514 0.8171417704313406
0.5938804082337485 -0.25709520654202045 0.8880168523742394
0.4743622749425499 0.3150474222468298 0.7473209036994153
0.5738452113609591 -0.002524219085785262 0.9376788030949699
0.4278688941348775 0.5835962456727746 0.9403400391521446
0.5335891317654256 -0.07905419134155833 1.0424532475095836
0.5694535668213769 -0.29239045896519134 0.8672663108894545
0.578019542875876 -0.28629560451909786 0.9655893655658763
0.4882418441186096 0.0436900501313211 0.9448080711548211
0.501501955214123 0.13617703474119702 0.738865525464901
0.45382993805851324 0.5580374686602805 0.812305245104117
0.5151276135358617 -0.09949996026375874 0.8789514411659702
0.537542585792179 -0.1444830103626895 0.7991082761025174
0.4916413748068163 0.019806714034710016 0.9000429755195467
0.574517175499757 -0.29634617586697076 0.866103859783163
0.5790290094833599 -0.2868733605100098 0.8525250427123937
0.48259649443767205 0.07565963337146187 0.8817473678194389
0.5482516808782003 0.18157513497601974 0.9221643591333935
0.5638716527008993 -0.056614587108852366 0.7806454651177417
0.47909268695148366 0.10907655996503207 0.9595839907853432
0.5643099415917198 -0.09834631324712206 0.7775269691389599
0.522569405000554 -0.10651678667294728 0.8276761560491548
0.500395566714633 0.30928457872742454 0.75137678181891
0.5443041881794219 -0.20457477817490788 0.8464535943942242
0.4454217319676338 0.3756222449240365 0.9714740792842047
0.4732467183329562 0.31557371797414335 1.0478459897764816
0.5082015201921517 -0.06242252707830831 0.9222392165714405
0.5724732161804151 -0.05615923145234136 0.9876053256523925
0.4701281994826154 0.16072996221503066 0.9379502739025591
0.5161459452384375 0.17439942026447275 0.7371729005280219
0.5481203293718494 -0.19050799206612457 0.9929145266332023
0.5396413423101053 0.22784894075468243 0.8721480236190324
0.4923228023047083 0.0777723859148125 0.7959689781213923
0.4875996982689665 0.49620717704711836 0.8974014284473564
0.4588705561281265 0.43240255409072326 0.7745715312560731
0.47991981929988664 0.46215822891123803 1.0105544026096467
0.4627865290841743 0.21180929944303983 0.8761363211074714
0.46193090670148845 0.26956950284632075 0.9962098512080358
0.534729782226429 0.2581958188080242 0.8874975432440573
0.5013542896971739 0.09657273245749032 0.756630656405989
0.5492278884344403 0.16694890707719034 0.92242248208689
0.5095954993043894 0.3856831198763695 0.9474352329628694
0.5471966240536564 -0.17773153613449466 0.8089446140181012
0.4682982029553916 0.25319085487013737 1.0138760846252364
0.587462303304355 -0.2655195763870699 0.9268201425924217
0.44810323139879593 0.37707924261639825 0.823351474413802
0.5046986900378622 0.2120700314224111 1.060649273006644
0.505529362372188 -0.04516508916953543 0.9115649226180029
0.5736944361745646 -0.23463177077247988 0.8239865317323392
0.43119535051234253 0.5769050463397178 0.9057238119359546
0.4588483500451144 0.24627705505184583 0.9358940352033897
0.4642624900927631 0.3624697699678836 0.7694772727076044
0.5100001178481215 0.26987536941548784 1.0422668401144655
0.45035502224055024 0.3119543299303702 0.8763793723648321
0.4931213780801432 0.41421959363894967 0.7986263630776508
0.5281048511170154 0.1377953466730908 1.0495277955848923
0.46830258856918894 0.49912872685481435 0.8008022826925921
0.5649781624890436 0.051921900867541115 0.9158803803211502
0.5379940661482916 0.06454506741348043 1.0472118868775144
0.45923379462279723 0.36916709552772264 0.7814261745440648
0.5851936027983262 -0.21747757653383815 0.9505006691558062
0.45403485686924144 0.4969514725582922 0.7960668627593013
0.5461764585693957 -0.1970982908786314 0.8375550656115376
0.43419196428737844 0.543543278867026 0.8616821454854235
0.5305372493675041 0.014751446693221482 1.0505674633444269
0.5422084070467058 -0.15900175505371172 0.9931065614641663
0.49088277692840643 0.402591793895843 1.016428309479737
0.5331003664689673 0.04722123661637401 1.05199259281628
0.5404236868216992 -0.05778484072305812 1.0387062600317316
0.5253079561604326 0.1890443932065553 0.7601699238165769
0.5741863846323039 -0.25199368307611913 0.963593653617021
0.4451986847315373 0.5717054627681541 0.8390348550708615
0.5533069060740744 -0.175327527369745 1.001566952456271
0.5694358905028754 -0.07703231849653269 0.8057044876902876
0.44977226789654223 0.5466912446361256 0.8219911360820892
0.43657065266325334 0.45497851630766384 0.8875752701303259
0.5743417517930599 -0.030941281917953756 0.8984010870622008
0.5485843565097173 0.10621929307164235 0.8016361893359538
0.5776450467410598 -0.17272930580816115 0.9795305358730001
0.5807008027294707 -0.15437654135736212 0.9621791973570809
0.5583459196133298 -0.06960375359984372 0.7760326536358497
0.5458723599119363 -0.17367019974809716 0.9849121830101526
0.4359583562583762 0.4813935509774563 0.8730028533451424
0.5439536548805592 -0.17108749843520354 0.9812583556602356
0.5386512339514302 0.17909087677104685 0.9935566033613558
0.4561969511660277 0.496442813765515 1.0008957171502026
0.47615197839758017 0.1302072764377007 0.89833075367342
0.5455078104269679 -0.19646402669296048 0.9530392820075363
0.45216383505870655 0.3797420890868244 0.989998158678612
0.5798751787142155 -0.10592485483122016 0.9319752804252188
0.47179943361197996 0.18888490533156155 0.8290370202951522
0.524941412716112 -0.11748505193106062 0.8541819160202515
0.5207649492215353 -0.012047695184574936 1.0263497080311368
0.45311051918118656 0.5868426339536539 0.9073362891396964
0.5026054919152466 -0.019064881810118228 0.8993624773163937
0.5378193896659583 0.016329383700746547 1.040722371118759
0.498149120941648 0.4250574001881815 0.8535545068832273
0.5798395921139678 -0.25965432700036684 0.8783386576411516
0.4646099438865315 0.5445503434259225 0.9502199688570406
0.48320308469631135 0.4739252270896377 0.9657050174936983
0.5352550809021019 0.014907789516581005 0.7528244289266364
0.5429667631702713 -0.13260084186160714 0.796801360501338
0.523542195992887 -0.11022476260019953 0.8594363582336267
0.43700939426718904 0.5473163787102138 0.9290534702101549
0.5415464716249504 -0.1833103055069163 0.8630839806908761
0.4964611159783608 0.12123031818365781 1.0267473298917156
0.5724474974867194 -0.03490068634491594 0.9234854799624775
0.48634187266115136 0.09244991322578677 0.9577604777976971
0.45156639463591897 0.5533852649281554 0.8398699916428842
0.5180349208537558 0.06495956313818985 1.0418369925220476
0.5821023730516334 -0.2475231432249072 0.8992327768758452
0.4568815022389117 0.28550906585135083 0.9385130800176291
0.47743543750528317 0.5130914398728379 0.9194677680113529
0.5140850653075272 0.3426810330748351 0.8485808595159422
0.5814479725247381 -0.24391505803216784 0.9181895899266413
0.4792864330087102 0.4139583495447088 0.779320654195048
0.44072896861448135 0.5331234915881535 0.8505559243548229
0.45544465532660017 0.3631368646282218 0.9878506270390081
0.5082828826792608 -0.03327348755473203 0.9448916428943419
0.48259172506562054 0.4938093501789673 0.8829429749975309
0.5163209269541694 -0.013407967995783254 1.0078535913918618
0.5629189778506064 0.03066585033509428 0.8519067992883711
0.44844162478766003 0.5755030535333967 0.8741354833111845
0.547256126872989 0.15348190860874977 0.8660860725833447
0.48519870204963794 0.4830123764300662 0.9079530910716873
0.44212540535809575 0.4846132588471761 0.9533409067184186
0.4446206786903374 0.5105122558811632 0.962604354903013
0.542592650395039 0.18128324055819522 0.860528989469181
0.5106041270001903 0.008465390377065951 0.7921995133322606
0.4506250640031101 0.3333592151632283 0.8968650913938658
0.5293816910754997 0.22583306606657771 0.8092526726650863
0.44579036188500903 0.46382916205143676 0.8287704667931696
0.5230237772356587 0.2911704690900767 0.8473688551271428
0.5217240010755498 -0.10185164791298007 0.9194514386729323
0.4486504445043988 0.4652934373051707 0.8182602867818818
0.5555633223713959 -0.050313816442371984 1.011130807398878
0.5135591230772505 0.34442846286423867 0.9397769135211477
0.43858463109696555 0.48608457174047137 0.8978090948887518
0.4981371518077674 0.3654151931563763 0.7936186945202297
0.4684243131998142 0.23680344299462996 0.9745244594004656
0.5655592682074166 0.008502232119028896 0.9360558740524176
0.4739722269459518 0.15978977724704757 0.9013081087223305
0.5579090180329069 -0.20040616018644042 0.9629217756031018
0.5171557050938633 0.07375742476818514 1.0362837861307164
0.5358945977513145 0.20868256822882358 0.8398115019714911
0.5437733036590197 -0.09027322530111581 1.0108224625682292
0.5326839093275539 0.22786620096371113 0.8402791834058929
0.4713546673988889 0.4835428293570905 0.8160401392704763
0.5768197209801822 -0.15960105197442376 0.8456379476830564
0.562493141907019 -0.17131327039976774 0.9811582133540744
0.483425298752333 0.1572721122289642 0.991493688506772
0.5398024512579642 0.1989461942709596 0.877393446218939
0.49894776480375824 0.2709280850582294 0.7555323187075008
0.49610676007866894 0.061758213936455864 0.8184021661649195
0.460374491638036 0.28614304784039213 0.8380056130375355
0.5182820788559388 0.31233104995098415 0.9472308809130526
0.5303175892089192 -0.1240476494917162 0.9445020533775204
0.558483763124485 0.04545887109094826 0.9573053951834294
0.47319142507009504 0.45505213205340844 0.8003650642603732
0.5774817216596079 -0.13935283818091793 0.9354950966029982
0.5359656023303319 0.034568978332194966 1.02905902112524
0.459004294299612 0.3713199708147643 0.9911395003202788
0.5701288037946669 -0.2405339906300643 0.9141099127161355
0.4786441172700836 0.3677268380409626 1.0185311025932422
0.49883628094155574 0.07295900293414981 0.9943848256195991
0.5159801759741118 -0.060698900440659065 0.9395538116706263
0.472973491329276 0.30913865442639965 1.0137830580605485
0.5034333687245303 0.1042333322720963 1.0219306064182818
0.47918546713716587 0.1422243199292188 0.9379052542053943
0.5156100897824663 -0.029677575572699233 0.8126473924064731
0.4956678898455819 0.41398215567140717 0.9519984690843307
0.49398091463525207 0.39047729547176635 0.9858289676268608
0.5262529250945961 -0.10325181248243442 0.8490153676894332
0.4719468706732813 0.35477746098184193 1.0140429174198542
0.4616991174002928 0.34833959542498594 0.991272961767159
0.5243125346700301 0.24101244440539027 0.9857035036814936
0.5489973403286792 -0.18538604960309257 0.8515904132133021
0.5327244786462165 -0.03958941396328419 0.7753112304057839
0.5227077321454107 0.29579634462977467 0.8897030357624371
0.4672999404620453 0.31305476063712856 0.998508046367949
0.46132628422817246 0.48094706221964323 0.9798805417674529
0.5736458589207785 -0.07485538286960347 0.9076823416695243
0.4851510999055628 0.10984111860750945 0.9428853494591866
0.5277687538339603 0.20042799064132888 0.9977059097466007
0.4826287141943405 0.21293809217428228 0.7789018871275295
0.5347061400604237 0.03965682383323976 1.025415754229471
0.49398504964064216 0.4020856834374813 0.9707847582009606
0.44394724202781144 0.5347630980433036 0.8752792918560072
0.5007980309233002 0.23783705737029237 1.0306086995875519
0.5599789666826414 0.013827914874272373 0.9616953780979614
0.5610328828464257 -0.14238026847638197 0.9819784001323466
0.4422353697849697 0.4947740238380538 0.9188820064739571
0.5483660459322717 0.1319932123174965 0.9232170154272166
0.4535162770278066 0.41865684599936337 0.8170351026659337
0.49535457299637103 0.13965925454654737 1.0133266601419084
0.5429956060473407 0.021018644983206602 0.7713554784887994
0.4533181448919535 0.3676230042742641 0.8372846109998973
0.46223016970444275 0.5121543146761232 0.9549188168849889
0.5690619520493284 -0.08531005667778135 0.8319480358980548
0.5178971575055841 0.29015616194425453 0.9666221491227772
0.5602457907028543 -0.07107263426602861 0.8005552252099951
0.4437240465720215 0.5347661120086462 0.8965270466130332
0.5279295066191995 -0.09778420007019983 0.9539921442220095
0.5195128472187134 0.23657360211353984 1.0012394931125055
0.5744506356929316 -0.22120061446119643 0.900415791717451
0.4698370346200815 0.3208885979793692 1.0023389791083692
0.5489638909626148 0.1182094383463963 0.8530371875342313
0.5131677803801808 0.2880466814596643 0.9898708825461009
0.45239813847693844 0.4969547075384435 0.9595725753081495
0.5670985778646955 -0.015351617902933823 0.890212021099617
0.5445840589419492 0.1095658713552754 0.97868179017621
0.5092871593373545 0.08782707578757165 1.0200304036073546
0.5013156953173532 0.01107495382692969 0.9049293412279196
0.530157824304086 0.19950102812026005 0.8049941552329559
0.533682220312332 0.19371504996576494 0.9694116780906663
0.5372402890147512 0.010595685358107065 0.7668656126316089
0.4484171894643336 0.537072159246784 0.9189482135331123
0.47212206995399897 0.5088105426338019 0.9056409913665135
0.48234897205936533 0.46274537503031254 0.8487625135797096
0.521522536039952 0.10685859477782023 0.7564337591958437
0.4452507357975139 0.43399180087163014 0.8855384275725332
0.477042075140782 0.23276404782940263 0.7934716829328154
0.5135935110465494 0.33311035994379035 0.9228672703613326
0.48665080389336157 0.12980513062568377 0.9681648881039556
0.5305766022739232 0.23032937819900923 0.9428627889060803
0.46393816355617323 0.5254310329170382 0.9163469283644174
0.5441036999409001 0.0359739247016706 0.779393129201791
0.4773121473984192 0.19296126328507812 0.8194250659253031
0.4672898629033855 0.5075248395488119 0.8519288935880049
0.46560762807074707 0.43088518563588973 0.9884451958366995
0.5020878370116348 0.29137363925048687 0.773481757897523
0.511859995426346 0.2222525253451355 0.7652450386555875
0.5583464973818866 -0.1831891219782793 0.9504483124585326
0.528300699194389 0.09963697049332909 1.0208249356390904
0.5485431291988632 0.1161628643796564 0.934646918250054
0.5343174260785758 -0.0846182464086116 0.8040617646640866
0.5083616230501066 0.3598982029313422 0.9096202677485242
0.4630134212000037 0.2873012285546652 0.9521915709738324
0.4537590914548604 0.35978685801533183 0.8516574995514241
0.517630583233992 0.3118560298259996 0.9120354389348577
0.5144314952498803 0.29697379016795544 0.969409939037488
0.44599494548095203 0.5026437921576767 0.8665123266856206
0.5634849009726044 0.006583391121034232 0.9104240455329772
0.5044576122881437 0.18949311703514882 1.0257725957281456
0.536628266545167 0.05840400268153845 0.7699341294981342
0.5495177939118618 0.11702607519416341 0.9104800744478349
0.46105282853210394 0.3486388130106821 0.8122177341973815
0.5305752438294888 0.18363958088915489 0.7999747880313781
0.5596567192577376 -0.19326855186036562 0.8512103555012912
0.4950045188676866 0.4195936687267454 0.9082455382461136
0.4514115900433335 0.5351358428431294 0.908037810188072
0.5154051403515694 0.22388688332683326 0.7736790098407565
0.4534246038474917 0.49178771157350143 0.9517365567001556
0.4575415076262895 0.4056404549983448 0.9730409202566643
0.5546963792462858 -0.14267440835450884 0.8143070568882232
0.45208835419193744 0.38318423838622095 0.8513434751644383
0.48943159800376107 0.19741665364327599 1.0103007988456596
0.5412845908117422 0.06954450384039568 1.0014858001302214
0.48536426531333854 0.23096629621982379 1.0103162445447103
0.49820336462490394 0.0987479333955199 0.7924352628158013
0.4462233290476065 0.46677992781656563 0.864771299269318
0.541367896768182 0.02546598008391543 0.7747812150278062
0.524150207400525 -0.007242149818972976 0.7815485494612368
0.4931635510397706 0.25617532089867456 0.7620010907436015
0.4841140805930879 0.16697376904337657 0.8062804624909881
0.5226850411071927 0.07881318521375658 1.0215097267479332
0.46138249617050764 0.473192974010316 0.9662691651063935
0.4981544528318358 0.2895695434786343 1.0129690371616287
0.5113641782225073 0.30012941500336643 0.8081326176816729
0.5022402307588043 0.19642483907999697 1.023025913379068
0.5674485698946982 -0.08125935213733126 0.9484579945537709
0.5338316586943956 -0.07453830059727662 0.8015406040207628
0.48450603338347487 0.43469808977211954 0.9569787682055855
0.5608168546669681 -0.20692259842108207 0.8948603311300435
0.5018948890950079 0.17948562403023827 1.0214967919362408
0.5490238288612665 0.04305879241396937 0.8004102751185695
0.5339479401435042 -0.13058396086553836 0.9013328131042303
0.5104414095539057 0.024412201645297227 0.9839368243984479
0.5608066819294064 -0.012714365643506031 0.8316294683899729
0.5107532596625818 0.05827001124677933 1.0034584345249582
0.5536476700189912 0.06011624934542459 0.9477003691077057
0.5670877227027833 -0.09151589094712231 0.9510369693820654
0.5076335718415395 0.06749705122211713 0.9994754804197298
0.5392061037122021 0.08139214426000807 0.7834212779065709
0.5296131998063051 0.018172358302201097 0.7699219668325847
0.481747464225008 0.13495417172467095 0.8898928418724763
0.494657076214135 0.07646601206141268 0.836067263354472
0.46270845777313563 0.436546831668676 0.9757306511339663
0.4875116371773338 0.22477617993996368 0.7731093170231783
0.5261123058836745 0.04658974295669305 0.7662157811278979
0.506319792523665 0.07284356618232968 0.7850169281330903
0.4556106038529661 0.4107196443352117 0.8256343189121497
0.5031182288342229 0.096356424591586 1.0001215710345148
0.5454722539578659 -0.11754044462201141 0.8123697685006454
0.5407891312024062 -0.011134821470680345 0.7775823074104683
0.47718992134234245 0.17968782309892628 0.9374661223146895
0.47099520006232265 0.21993024539521677 0.930948741517496
0.5395454418476362 0.15584390711260232 0.9508426881862417
0.4614731461588468 0.31056689029538376 0.9458240524476087
0.5561653856965681 0.002055453627431092 0.9668502915471304
0.44720124032407305 0.4957065958345517 0.8851982431840126
0.4577734540574867 0.32613134959300094 0.9241771726277846
0.5700942936031312 -0.14244490205076188 0.8509131979131725
0.555887218471862 -0.03678800087447387 0.8042704121901395
0.45876553886777466 0.5139076370130842 0.9229228668349785
0.5358292194496338 0.17468991401715517 0.9556968774607432
0.547413145646607 -0.026837330252856617 0.9954814829554615
0.5006270784414331 0.3288190450755697 0.79615090337419
0.5527464041951334 0.06601741699461927 0.9409400348542273
0.5274198896943815 0.008554101709504547 1.005411339169616
0.5345349558404074 0.19421089133652591 0.939918292606322
0.5703804925191971 -0.16758325944942465 0.9232349096369918
0.5493088049527738 -0.01061572077169548 0.7914557015363471
0.533952483314331 0.007330335107992969 1.0067240865593265
0.4725866831484016 0.22136658729110037 0.8393672127422337
0.5006085592169023 0.10534608065174389 0.9950973428523806
0.5704711691343124 -0.18814213454696227 0.8885647369582708
0.5609426789194878 -0.015756782993649576 0.8384995767171232
0.4725159102167028 0.4911297878030205 0.9019939918212492
0.5198163927297154 -0.06077082033330683 0.9206780978492757
0.5368487500414162 -0.09503787144831044 0.9664244919240089
0.5040363251883515 0.04269473544568525 0.8202853898722086
0.5545730259318583 -0.033147224528610186 0.9785910897244372
0.4983600293056186 0.04420707417112446 0.9102834481169708
0.5507267983470705 0.09520597085230298 0.904267294495595
0.5603061976624933 -0.09873009764273033 0.8165492637243659
0.5167414609092768 0.2787388859878015 0.9597791540877139
0.45220127609909777 0.38274737076591636 0.9016519259390975
0.5578010161702056 -0.002197117876028276 0.9545183758589537
0.5071725295328108 0.28576736526385327 0.7903415944905318
0.45284683533543224 0.4373522870753681 0.9409864010902764
0.49999842066239614 0.03839054381989859 0.8652390284067152
0.46404315485925934 0.32768787546245104 0.9644302443300212
0.475597665294623 0.4528406500113902 0.8300440756325873
0.5558881928721608 -0.05732139279539816 0.8057035763064555
0.485565626919349 0.17762867994862308 0.9801271761660295
0.4564407138971985 0.3931795245724117 0.9501284674981252
0.5439797908512887 -0.02473353340619555 0.9952224189892345
0.5545952048448646 -0.17716696312391456 0.8647616203730267
0.5588707225790916 -0.18791518967033527 0.8775676317023579
0.47385833688157986 0.46384020882181565 0.8381949955275658
0.5683403763522558 -0.09717556790365478 0.9282006111680791
0.4845612155930453 0.17257301347757403 0.8096527508241392
0.4871030097866444 0.42784256432261314 0.9364303908063283
0.5235826934626115 0.006997659681414081 0.7835143350487093
0.5089655533529981 0.21930182197064152 1.009840690954995
0.4542859779702699 0.46605252338458136 0.941041194819683
0.5431952408988961 0.1375354739722332 0.9294456270982999
0.5539356449097528 -0.170041442819441 0.926645046127643
0.4999967578955603 0.24362085864469218 1.0108833760807887
0.5679874233551263 -0.14238958201935326 0.851685615380655
0.45505996689267547 0.5117366043579894 0.8912582475241717
0.4566083698516907 0.506418466438058 0.9142463072815787
0.4918040485122537 0.12111732720163682 0.9665291668851494
0.5287597940434725 -0.08965582857080734 0.8509856945125972
0.46877904489367744 0.33487214255147757 0.8004124454355377
0.5172368594882403 0.012778328466805267 0.7950702415957035
0.46334666477570874 0.49314033375561994 0.9293862175766864
0.4879481297100963 0.2757162136113469 1.0057509556222524
0.537111415370061 0.13942018804881107 0.8113606859784872
0.528005891799935 -0.09597704794189199 0.8987123404122797
0.5045547673813029 0.3611508068418918 0.8681135828005819
0.5324438782264687 -0.08094020296915216 0.9604515213523269
0.5668366706908416 -0.1839414173938707 0.8827716850778564
0.4899459934110948 0.41230390039476816 0.8423071442851627
0.53942198562786 -0.1386444848303272 0.8899508889079621
0.5619093793668027 -0.0840400519206217 0.9557164530230704
0.5165842557886786 0.2309694512084568 0.78919508793052
0.5392455650573378 -0.013114749607707754 0.7822532095075829
0.551270560254626 -0.07504202503754964 0.801564242001882
0.4576611405047094 0.40939561244811085 0.9532348016769138
0.45379191453316253 0.39135105039649876 0.8597137505257563
0.5036237387855257 0.1270778879551746 1.0032777373127408
0.5659650606161583 -0.1756897208417929 0.9142964138542535
0.5136560154540988 0.31594624791351666 0.9122139018608113
0.47258839123101776 0.42263682355159915 0.8088828503693393
0.5086545063708737 -0.006760992534171617 0.8907958222905357
0.5250313411304968 0.04404365921475817 0.7726729202009699
0.5072170813239758 0.1676251207197037 0.7647779379963732
0.4498856268328112 0.43970093660391907 0.8861375695451824
0.48446793769648155 0.14322510069274275 0.9368401432423761
0.5544656395362968 -0.09727139489139414 0.8105444818844127
0.46159653084170627 0.3126071798135257 0.8514154796340792
0.5003097386729002 0.05695183471147258 0.9477917394205968
0.4945693421712424 0.141556619132035 0.7913741005879087
0.5150180969465605 -0.03233282897903478 0.9206139422212222
0.4775911011627525 0.3286252522125528 0.9935642341532176
0.5327361935313778 0.027856974363128284 1.002600357971763
0.5659644370050423 -0.07240317802561069 0.927039916430456
0.5688547757393472 -0.09344748828063754 0.903909743403299
0.532140796105929 0.16220357994144585 0.8058272654929943
0.5608850713893395 -0.03506391139352849 0.8370530299168427
0.5338670466017084 -0.05595433354780033 0.978377017411216
0.5213219051212193 0.25650471318937207 0.9473554055086113
0.5352398994080042 -0.12098792934609981 0.8847504491647198
0.529815363316196 0.010652038971129763 0.9989522570626053
0.5220014223749412 -0.025688579089730545 0.8106906480008935
0.46028013539840906 0.5027852616113617 0.9048648431783683
0.466464264697784 0.3313402599531563 0.812051689410525
0.5304062013347297 0.026347876487218702 1.0017518914748704
0.5558687296951219 -0.16129722755563614 0.8495813197866555
0.4893540879776239 0.10290974217583981 0.9070253318500858
0.5339066015777407 -0.006998678785429924 0.9955399082421347
0.4562470262513949 0.5033922667141053 0.8871100782517323
0.4614653797583088 0.4194776140678953 0.9603619252194829
0.5569811933950343 0.027730831240079912 0.9204834559473275
0.4618824981063655 0.4026796753604627 0.8176330416309703
0.513650170915984 -0.017963944829153755 0.9330869283040539
0.5253300301775943 0.2442923476453518 0.9270790455780222
0.5475911513306083 0.07851238383566983 0.8294703003271326
0.4811479502709579 0.24896326143036696 0.9883672472051414
0.5506433030708603 -0.152036939574419 0.8497743132277557
0.5454235845386728 0.01880685709065144 0.9847585693956882
0.5206587423619164 0.2780158036342657 0.8836080511062111
0.539469095551024 -0.02305399596141755 0.9914155313042999
0.5067939999682437 0.3214164843551792 0.8237117617953581
0.5594315237822339 -0.04886764136932964 0.9538714119550065
0.5349874283447407 -0.06605187676269764 0.9718371835920824
0.5518618512789766 0.026691288153561032 0.9596049041000627
0.5120637118173129 0.31196184311050157 0.9331592475825378
0.5464288678948519 0.10332629936868853 0.9324643252216227
0.5678197566845319 -0.11455760521673386 0.9178155638432296
0.5022988900708102 0.11043497597397511 0.9910453959858311
0.4661047423268999 0.2695480481038164 0.865582850080845
0.564792842987555 -0.13512256711004644 0.9324162814395064
0.4951844458608231 0.25930490745856005 0.7723383104368875
0.48416390172207896 0.3483783406990737 0.7884605433031633
0.5688941718948808 -0.14445806297753583 0.8904858357402574
0.46614485295851693 0.2657439520382643 0.8808914001136161
0.507532487223081 0.3348171922980221 0.9293285150566798
0.5280417757988163 0.1372370822371125 0.783154071514127
0.5545185093349871 0.053000725587859066 0.8890419948139078
0.5199930852817346 -0.0411793389427626 0.9381177191753107
0.48420311239912034 0.1364994493338232 0.888339612438906
0.5163000430711802 0.25655460343524306 0.8097500430935023
0.5218810222747817 -0.04369278776981922 0.9455958472166635
0.5390172967321285 0.000986339379431378 0.9923856778382352
0.5489789467056143 0.05771204554596254 0.8253256542234186
0.47065999604993586 0.4555394660972212 0.8350659409624472
0.5098815591632874 0.11297599383139545 1.0027562301190733
0.5594532722060321 -0.06579724310723956 0.8261097375058329
0.5138188698650035 0.2994203181240027 0.9342844037419534
0.5247413842444384 0.21760923782675246 0.9606323383911135
0.5402047598114287 -0.02177027032523049 0.9881963918937143
0.5046731123326785 0.021019009318009374 0.9051501046620571
0.5617018898063371 -0.03299870688871165 0.9260506783751474
0.4981911875843186 0.07280706260495506 0.8365172573918398
0.4721642557943162 0.2548703096559448 0.8276841928298566
0.4653925762859346 0.370613934905228 0.8127135693337326
0.49526051838335056 0.37515752460335783 0.9480655624684032
0.45321459575942014 0.4455177682544096 0.8633084922936933
0.4936746260837516 0.12330696744340619 0.9663029375008341
0.4839263116959537 0.18377367930126498 0.9638508076689233
0.52399550790847 0.24735870770389567 0.8540434142841745
0.49011707426802076 0.12315392116022306 0.944874786655313
0.5367755959805953 0.13868363672524797 0.9605805226504358
0.46514302863884815 0.47418719601541426 0.9287095228266282
0.49340973958432466 0.21336340126080122 0.9992332967760063
0.45432877465598237 0.4798276224242999 0.9020956160986755
0.5180221755158881 -0.04203736166536842 0.9070223579706481
0.5189203067210919 -0.01179796854218651 0.9617106500539051
0.5585555220204814 -0.061880322960432776 0.951670208586446
0.5197439402080415 0.09723968167732133 1.0029147840037533
0.5435100336142443 -0.1160302263480355 0.8350260051581568
0.5500627100933873 -0.13466133887620346 0.9379059615064036
0.46977754771844016 0.3650157124329385 0.8045084264971486
0.4965479344250318 0.06855474881204549 0.8730421130832487
0.5041258431604407 0.30429925587368256 0.8035691929040527
0.5252521079925062 0.18762682666184816 0.8006318281148951
0.45336546635872915 0.4149104856446586 0.8933140658663347
0.5136640814431059 0.2933902576359504 0.9391299126411323
0.5440169939120221 -0.010445473920472903 0.7932260752331415
0.4844761387680414 0.4365072370812513 0.8915076997618977
0.5373333187216801 0.12482236684145054 0.8122955570767891
0.4641475128789946 0.29328721319763273 0.8690398310621027
0.525504243160556 0.12397279269260641 0.7778271885343593
0.5327273412629757 0.1903001686215613 0.9295661415990093
0.522230257985833 -0.010612007322506223 0.971177018429722
0.5368768093344558 0.17375145649000467 0.9022768595979868
0.5331665705111389 0.0688292258823906 0.9936175852844448
0.5318384897125762 0.11241698611636419 0.9877303250364706
0.5471965536244616 -0.1344906734833482 0.9299452852561374
0.5436080681036883 -0.08472207377849861 0.8124822042644289
0.49999085352633876 0.1400760093945661 0.7840466384418068
0.4962863368285608 0.0699346582306335 0.8796322175226933
0.5525247081731066 -0.14238533023060418 0.9308627197487352
0.4546281560067656 0.43149382380876666 0.916987061999238
0.5439363152305949 0.10765227289655188 0.8410932024345306
0.5563049146805094 -0.15576184772987478 0.8613767861224579
0.5553469506954603 -0.13790593188570366 0.9360573279758277
0.5427730996932795 0.13083385157369598 0.8687265114011783
0.5225913354583901 0.10377782674379565 0.7734509165805328
0.4912326253665778 0.37060824347223287 0.9610014632650586
0.46475016801289526 0.3162821627424979 0.9391152908390925
0.46489283327586756 0.45865023227852575 0.8418359023574674
0.5629079574943172 -0.10936102269492887 0.9310853288519926
0.5459912724060888 -0.13642224256308566 0.9187562891057244
0.4952926580703201 0.2896811821042178 0.992212471773275
0.5590109703544963 -0.15316888458277633 0.8605484322983615
0.4806618089218803 0.18847886450941775 0.836000055856073
0.46917873646137337 0.4769353354394452 0.8888139924759637
0.5432139333776448 -0.030338299129882396 0.9795997812870799
0.4950373266112327 0.1644896248731742 0.7879130552810567
0.46951918203373844 0.4583160743917327 0.845974349902834
0.46029295020782895 0.3351540825590371 0.8712093677125932
0.5471599343402609 -0.011015116354686993 0.9740116024769137
0.5659412754791006 -0.13471019999487766 0.8948671952362064
0.46031712859125434 0.416134984714458 0.8350911236686536
0.5154224415579604 -0.025906202559155656 0.8763118803101431
0.5471682662367936 -0.07904130878000104 0.811457729316939
0.5237850782554899 0.24408610453992408 0.9208486031419083
0.4610742452635411 0.42704032884849763 0.9420603725728439
0.5380412815248741 0.06547103293045575 0.9821709006520485
0.4607548899525668 0.4803203536141387 0.8749443862254187
0.5246112726912566 0.23599420361030088 0.9271574434016201
0.550119827103617 0.005549629479188134 0.9623480677849621
0.5358343927082531 0.13253345192846 0.8139664766972523
0.4868373012426514 0.27274650679799706 0.9911722815904276
0.5198089802487372 0.04005010319670976 0.7869448695094117
0.518885059557623 0.011629167690148101 0.9719213158427081
0.5269528386319031 0.21686574337929532 0.9346834102330536
0.5491704612426334 0.06608801347895366 0.8461629942406085
0.4961007174050574 0.13062202588798577 0.8025528587489632
0.5510075313210623 0.06564526512263669 0.9050850107031155
0.507755125610239 0.24215079148059493 0.7840126070204178
0.5329688433164368 -0.04279239026436188 0.9692898246932912
0.527409059077451 0.01373536056543534 0.9860248974906127
0.5306005437914242 0.05402975038749558 0.9922522173097155
0.5109970682374813 0.16037592926335087 0.9999034243190286
0.5203792399118318 0.2677252950245994 0.8838369898200462
0.5576064823769583 -0.028815450836509715 0.8392953728082166
0.5414893160946693 -0.061206248315144984 0.9673912189840705
0.4853378503628363 0.18894920292880402 0.8119217379787922
0.5015117319502653 0.3446547890471616 0.8383585867951304
0.5626894453655207 -0.1393892667238723 0.8700595480089344
0.547839643601842 -0.008836825478559573 0.8060553331062199
0.47127956359576684 0.3393065479102373 0.8079908275288156
0.5351794833186095 -0.06845423003792805 0.8207971899401958
0.5346224079784818 0.17824486475011403 0.9113421005877089
0.5293422814437101 0.07872996082792483 0.9912895489862907
0.5049608535074919 0.0287743353161396 0.8952699982403676
0.544718995567025 0.01703325109865128 0.9719138266225122
0.502253122741713 0.30740158548231733 0.806307498232034
0.48156116802192106 0.4041165485995677 0.9503547487618175
0.4821889427244263 0.17906247385656915 0.8427873862780039
0.5371747995185492 0.1398642765083884 0.8322525970901695
0.5014923933448938 0.277471391929228 0.9838256729330774
0.5560667871921655 -0.052302323445163834 0.8278794967036303
0.46261093297182315 0.4738722434089211 0.8959996865522347
0.5344176466482483 -0.00321551764370831 0.9814869201460202
0.4579512389608775 0.3798753826637866 0.9052918265636427
0.4999749356867867 0.1163896843494081 0.9731347415102803
0.5586688147707799 -0.1306264330076632 0.9226930615904434
0.5169491258001708 0.03118004213803749 0.79974123492842
0.5392869685338141 0.1311569152255312 0.9350216819443851
0.5486487406968183 -0.06952143137441924 0.813860967750599
0.5419505569486456 -0.12056570205644102 0.9085398932068411
0.5488678863369854 -0.06937637699542298 0.9600480097831193
0.5189789567749657 0.05256421237579412 0.7865279610283884
0.5408251530253632 -0.10708527336825946 0.8472848291514523
0.515150813971797 0.016040137332014925 0.9579096691657513
0.5426513871415176 -0.1252541925547721 0.8941558942870652
0.4821374260212702 0.17434023686148237 0.8531305064805064
0.5418653815626985 -0.053698554741758775 0.8066518484604323
0.5409497414289798 -0.034712652495385576 0.8006369663687154
0.4885915995755197 0.12664167886984234 0.9080681556282899
0.4583622298455109 0.4294335701554082 0.9200304876718768
0.563331639683325 -0.07401966752784839 0.8932925739216699
0.4610227976454961 0.444676765178444 0.9248914708002998
0.45784219458433856 0.3783844244058443 0.8893581872217483
0.5154570062240338 0.06292344610508094 0.9838509883944406
0.4857200340009496 0.1423646858175318 0.8852334710338126
0.5578346753896977 -0.1419654803931265 0.9094006687259044
0.5275706538849375 -0.07272399931896212 0.8958142335032562
0.4822049601290991 0.3231855384035893 0.7931068928426109
0.49657265641742604 0.3057523981879351 0.7946873761433844
0.5503588035815933 0.058176240788376354 0.8605296341528418
0.511262296776681 0.30942906757998756 0.8714895732349297
0.4756114971627148 0.2882171750692044 0.9656869338645974
0.5351551280528903 0.10610406506241699 0.8021410156348701
0.514566574224106 -0.0153179733198896 0.8975368941778928
0.4670199040068332 0.3729246702239575 0.9530654495562528
0.5356530098310026 -0.05018500156301342 0.8108293539835704
0.5008183964656994 0.15040561804424835 0.9865642352422116
0.5059999268426654 0.2972362193654976 0.8140378601221174
0.517250398920177 -0.023508995157732082 0.8609750504427902
0.5080741909955035 0.022483806485280144 0.8562604073506737
0.5559330612992565 -0.014071953951404703 0.9313696514116616
0.5045528166242046 0.23583675079361477 0.7817197634947364
0.4636107511354679 0.3998682758945069 0.8327569524575298
0.4640298938351497 0.31619730758523623 0.8656871379124554
0.49539671177279754 0.24090058103609735 0.99066083610755
0.5311226495671174 -0.07027894062631024 0.8430342834845903
0.5017420858870224 0.30374087967135033 0.9668415926262393
0.5520819923479091 0.02973888742934827 0.8473170995059616
0.47014731442541874 0.26117872611198045 0.9085867955800065
0.47066858052282773 0.3930672049304653 0.8179726412173383
0.48329688653773073 0.3556079111859818 0.8029187409074702
0.465793523068746 0.33738587995859737 0.8348778736527203
0.5251195022594214 -0.04053061904492905 0.8343946540276841
0.5529634566388544 -0.048110736236049556 0.9510785547128608
0.4723574141027397 0.42831806879894296 0.9384628267889141
0.47349030863804553 0.23431404560970215 0.9070854665988383
0.46362712247427823 0.41630254919721876 0.9368571378858158
0.5370870144965152 0.10377700991786432 0.809957847474967
0.5221183653370108 0.05472191300878215 0.9859487617706236
0.5086104481013118 0.15083781786891404 0.777443212184574
0.4612547953667532 0.42633304610831413 0.848135361966177
0.537715014735776 -0.09876758018745702 0.9180925665337264
0.4731790707260315 0.32706114410158316 0.9631521296275541
0.47558101518013307 0.4474837755073273 0.8927517429090027
0.46326525044848077 0.36415201429864386 0.9328997890644126
0.49502700649858267 0.3586368309551915 0.830627884011208
0.4822912230617698 0.2999306858720918 0.9775771107341101
0.5102652006038275 0.07503830346169105 0.7962607741379857
0.562874767563432 -0.10325411070460921 0.8888822958812961
0.5311666643091817 -0.08060118556984897 0.8695340782370226
0.4879242488959822 0.3653489070984044 0.9578171226675269
0.5438697333314615 -0.1200098810188428 0.8685521157665071
0.5462079317643236 -0.10676011904865401 0.9332885019983901
0.4611754560382032 0.41529852853895344 0.8480652968207171
0.5228595694068195 -0.0098966058539105 0.8152230825364437
0.48805525335451994 0.21768842423139212 0.7955012893949666
0.4651294494778014 0.3236044196936856 0.9227323832708052
0.5232609150574197 -0.01723355923015668 0.9524995723827516
0.5135626108820637 0.18916585620657278 0.7829097491935338
0.502574112794272 0.06540490086913309 0.837479686353545
0.5422335612106814 -0.11029906499265651 0.8576041473562042
0.4980686764031819 0.16522221465655207 0.788578362190314
0.506857978799779 0.030496942584743447 0.9129250434615542
0.46221076863662586 0.456895429316007 0.9003915361956023
0.4738184907872445 0.3827073169932653 0.9570908172345833
0.4839140111757417 0.3252080801583088 0.9746847389425412
0.45855243424049885 0.424401636143378 0.9028436438185483
0.4773405746844892 0.43604184653095146 0.909348996626633
0.51095466642696 0.29650013746278336 0.8472269342304735
0.4772899683893549 0.2340553978534441 0.9394556768101187
0.4928917341533231 0.32398279707777533 0.9695531827722836
0.5264269860126016 0.09644023368393029 0.9852869466896885
0.5587243525785058 -0.08944922329574578 0.8498443793662102
0.5513798087988111 -0.13135103608742815 0.8708657841704235
0.4966193462204531 0.3551025533565757 0.8376863947353228
0.5193404459398474 -0.029875161117021154 0.9034561353658126
0.47155962067180873 0.2605917813785039 0.8581746774158352
0.45990080386470833 0.3822918649313225 0.8696954005179618
0.48717316912159025 0.14389088551346907 0.9069267951859286
0.47072174141536965 0.2739635776832423 0.9226467777735775
0.4730764240060051 0.30251191680585165 0.8184183444034804
0.5367447563231674 0.14434677487634584 0.8473105354929628
0.49090464708946613 0.3894113513267792 0.8607154564571062
0.465709846105161 0.4092042799220539 0.9357471206588736
0.46050165174013136 0.4410892293489663 0.9009363914689215
0.46364337418780516 0.33099072242990024 0.8711668280316058
0.4734814156659648 0.41588978404501153 0.9384041005325414
0.49735333279516436 0.13243754662407303 0.9637534375014328
0.5228647856639652 0.2182490462664175 0.9414730636238944
0.5544734770006811 -0.13224144614493705 0.8809624243664933
0.49436535638231904 0.3340034886262555 0.9591965841851963
0.5348245537666507 0.14547566217992536 0.9381073610264199
0.47627915299223056 0.22227975515593057 0.9092449867363894
0.46110734077534826 0.4374657767689216 0.9050276335433559
0.5534337491827962 -0.0024660824730429187 0.8441540950168236
0.49036484279513126 0.20555132317315516 0.9735905340737809
0.5337336692635481 0.17387368131701209 0.8765871824901832
0.5321165115145496 0.12366314663067612 0.8062862090986418
0.5309437046274827 0.12247976591963017 0.968144394526253
0.5067475349362107 0.06915476223975814 0.815853687861616
0.5373623970184862 0.04079351716094193 0.7978514203022353
0.4931107792578391 0.2610042927983196 0.9818366260958598
0.549506396645636 -0.08088659023505063 0.9421395998378224
0.4725137115788697 0.29106878029198135 0.8284047885014195
0.5282634038157348 0.038171414971383655 0.7906816092170592
0.5008137240087425 0.10742885946101 0.8118874857233273
0.4715599574235867 0.35925642008515446 0.9523011690662861
0.5471616660637288 -0.0019487612793267495 0.8164970951813767
0.4802892251091976 0.33793694916559947 0.804084856589773
0.4826979342432699 0.23878680546535058 0.8086116837561531
0.5332361513127983 -0.05906091070091413 0.8324863229865422
0.4622150785758279 0.3692565063459359 0.8601039289914174
0.5010589200360152 0.27376949398980166 0.7952168315617787
0.5052080587842882 0.0482034822296602 0.8526022721285769
0.5018794249777081 0.2718013581013592 0.9735246057074507
0.5103493903996023 0.02765669809887017 0.9289313274853355
0.5022593902701051 0.18127228922824212 0.7832415571262173
0.4966205548477453 0.09475837254169406 0.8547282702333241
0.4658292583511336 0.35456295215554867 0.8402304118708636
0.5550665564985545 -0.09369880639707273 0.925584110533439
0.5292868721074934 0.04610427473027512 0.9781518216090829
0.48812356657704226 0.29540387592041695 0.7939866472663376
0.5154775234018675 0.1130428613045229 0.9849828751032406
0.47264985037938867 0.26562325602641357 0.8485004415216111
0.4920694448838158 0.378453278355372 0.9164719955563982
0.5329435061290357 0.0680852244305683 0.7944174502141419
0.5257039944947466 -0.04713783187078446 0.9152260231617164
0.5539452743525951 -0.0581795951235804 0.9349278041735815
0.5133517952533129 0.09277493787252622 0.9795274972446164
0.5405742433497107 0.11311295322509274 0.8499293566605494
0.5425232983647346 0.020639644073627395 0.9612679185230433
0.4671918271279766 0.435798827020605 0.8572678098086172
0.5319905400459555 0.16214617112250806 0.8364008438175972
0.4863364417439495 0.2082893498141054 0.9593620542573168
0.5493995924228033 -0.050911117215372226 0.9466099839606221
0.5253104078866632 -0.04823171519601521 0.9058138028375902
0.5533986210748484 -0.09540408701154934 0.8450464203320986
0.4922050021389299 0.38359084299863255 0.8849801546107969
0.5306623896306758 0.18929642761291676 0.8938365062519453
0.5275787962200837 -0.0581241344466501 0.8965844180592704
0.4837938361306665 0.24851597973098816 0.9644282015417496
0.48217285911075297 0.3809457014815445 0.9450592416846416
0.49842205227767916 0.18781415287885306 0.7882809923803503
0.48814705679811066 0.18051610487447212 0.9496114070542734
0.4745666418148497 0.2503232479007318 0.9193071434184827
0.4880580857138559 0.35275704909785377 0.8160048945132238
0.5437901757159527 -0.1082508312473478 0.8736819366537095
0.5501983301853319 -0.060983794924776014 0.9410504159351716
0.5031533634638693 0.2625028838818948 0.9718256023541063
0.46594989288369854 0.3167534080276555 0.8822151682020886
0.4960016506872869 0.3426634207615531 0.8302875142099596
0.4665315142985499 0.4392630042343124 0.8997202798796788
0.5360686038339112 -0.03823154154318109 0.9534229204135786
0.5514624779658287 -0.05028108109909035 0.9387215994810447
0.5547508704920682 -0.11687775737049044 0.8761074543430912
0.4859233677176602 0.2230738339659335 0.8073985584237211
0.5100449251336325 0.02006921430741082 0.8821983158271783
0.46801538938981535 0.33157926729781284 0.9287477332322616
0.49443852641403807 0.11953671405531585 0.8421211181656503
0.5127293683518181 0.031189872520687167 0.8292179470936861
0.4656948923041735 0.43331106100017314 0.866210283777495
0.4615642036360571 0.3959356484377583 0.8962653760112209
0.5298179560979334 0.16779923610449243 0.9384597050813582
0.48741301662302644 0.3977372988032708 0.8930638607532897
0.5430742026728569 -0.07423893946847349 0.8320809022207948
0.46938134210299404 0.35068452404486194 0.9390623297252966
0.46537486822550267 0.3263853344130876 0.8819020299153648
0.5099069967044019 0.15193334428228722 0.9827376309652504
0.5086357188302283 0.308514191465163 0.8915084684881781
0.5348017923760402 0.14486525538543082 0.8441620103016696
0.4690145784747132 0.29094304043161356 0.8770508149215401
0.5017510794748614 0.3370817685247349 0.8648276451545376
0.5479291472834339 -0.11095642462905397 0.8712204781037616
0.5244077870198981 0.11890597789145874 0.975666486863293
0.536793281885125 -0.046497624644080915 0.8219126572719203
0.5463670074801422 0.034120858409596 0.9379424897758243
0.5295940162950286 -0.06051828129342174 0.9002357098036706
0.5270462036471757 -0.01818269027340036 0.9467235574318568
0.5188358942522536 -0.015974209321173882 0.9024980013602814
0.5227478125627847 -0.007897575204688811 0.8275062003254309
0.5370447324246742 -0.03507925506369158 0.9515840231187167
0.5258053446963519 -0.04138323394559684 0.8578503611793755
0.49909014367603394 0.1294401799221121 0.8111165558384381
0.5206495092817676 0.04267664798982862 0.8007857945488377
0.4938287409687183 0.2894216511957608 0.9687867574746991
0.5457726853613166 0.056268035648674 0.9247036288436106
0.4892351782781311 0.3844167092582924 0.9066698083116691
0.5539435117319608 -0.02094826970092667 0.9138087790666615
0.5303928336747179 0.172183588698958 0.923234619734705
0.4971586432931955 0.32371018545403585 0.8219398643952673
0.5107787040724185 0.28430181842114033 0.9218545210226835
0.5371071244229549 0.13976920136581006 0.8909177922900386
0.49389661934795387 0.259046890857455 0.7929358362848159
0.4699600379612328 0.4102680272003929 0.9218819957273687
0.4931430838974499 0.12170894171374913 0.9084423404906359
0.52323035324766 -0.03491054381395964 0.8771816255671555
0.49785190059715906 0.27350522567886815 0.969455614865173
0.5343980872517036 -0.021715341268288002 0.9540743478142987
0.5388448367603627 0.09368803575985041 0.8284463376468315
0.506194867451222 0.31666955709726174 0.8821705114844223
0.5313825126643683 0.14155625892059165 0.9454873703864988
0.46878634933302243 0.3644655802946062 0.836940700187545
0.5527859142293028 -0.02105362862859317 0.9206664618840268
0.48783537413771383 0.3478241539148961 0.817923704685577
0.4685511499019729 0.3932075712304579 0.9265978776028214
0.5472433087245938 -0.0816613701886435 0.9269325144218994
0.5078341260817788 0.07153802331786263 0.948756254250379
0.5518984567126327 -0.009181193120108233 0.9210898887602347
0.46690666721538904 0.3203435305986524 0.8781319028303072
0.479692243683052 0.2876685562860213 0.9554368842740492
0.4918651184952856 0.37015221464174486 0.8556389392894213
0.4916644938835846 0.26596639138290135 0.7949939100918864
0.496259215632726 0.17473543484475096 0.9667986046501731
0.5560209730371981 -0.036053033137492196 0.8875296629248688
0.5308955726419681 0.10761153137706314 0.8045082521721194
0.49618521596543774 0.29233855489903027 0.9639938566189612
0.5492732048615332 -0.02023748106012424 0.9364306356834884
0.5333595162781142 -0.010025864179960431 0.9566598540563997
0.4749479997017826 0.2572618607020192 0.8530612464148847
0.5458404386282022 -0.07738373035784973 0.9278223716886884
0.521514853577212 0.22977301669241657 0.91168555597346
0.5355512549713849 0.025442313717604748 0.9631730313259578
0.5088634870687548 0.29566236297808857 0.9135413530579571
0.5018891555757152 0.23594500740504598 0.9736454579174393
0.46683973963974956 0.3389291233886653 0.8591141560231856
0.5260647819385232 -0.03806844052167624 0.912060511414194
0.5542777823114803 -0.0552112705804344 0.9143162068524624
0.5491311266212238 -0.09577130198836303 0.8585298658142936
0.5343560692816316 0.032905124538818775 0.8022908872068751
0.49978040601428964 0.19142810315684677 0.9741254722278597
0.5261632116619245 0.0028532015994917614 0.81403523850126
0.5190635180853606 0.15956091123907123 0.9707657894321851
0.5339596512311056 -0.026434470025312518 0.9481476362070161
0.4784002999755562 0.26731367751951707 0.8250882637804018
0.5379857033930193 -0.07834367178790469 0.90592254520526
0.5235192849189735 0.1745042991976562 0.9534611524391483
0.5534022052784333 -0.07420551114718577 0.8557309404863533
0.4932025240549819 0.14270411531505456 0.9331087878824971
0.5422489563324353 0.026986414072292852 0.8184694337114073
0.5015213217616363 0.07314322727886902 0.8866094532076528
0.5073261641172382 0.24532084975791868 0.9623340304805822
0.4949309073645794 0.3614287417197204 0.8842219177718452
0.4871742664513248 0.24927731809703735 0.9620197305010049
0.49745115722819927 0.3376816276763468 0.9237345820020372
0.46771535664573094 0.401758703526764 0.9122403793282587
0.5167552185346346 0.21781187835788396 0.8157578240006242
0.5112347207587035 0.2720975013737781 0.8396752454557677
0.5437518475604516 -0.09362364436803206 0.8732149541092821
0.47911502091989744 0.4111330703017675 0.8909597804229984
0.547047550648288 -0.03387974738701249 0.8291903035308181
0.5441509247259874 0.04363763077304039 0.8329269198122501
0.5256615847782506 0.06134179455830724 0.968650869846049
0.4745726113143671 0.30435543371937124 0.9370538997954175
0.4688842044660049 0.3426671367494314 0.8471317718506655
0.5506257146131724 -0.029145072746470158 0.9252690276909531
0.5277588121793363 0.03591098836381823 0.9640692053633917
0.5071424677019212 0.14013024831498289 0.9716483978959127
0.4914513984219568 0.13861167251747863 0.8597085669461059
0.5266920994964323 -0.04232944552083273 0.8737915833393988
0.49287852327810716 0.15627801706661915 0.9408712719422742
0.5139553537704784 0.23920095395838636 0.9447692119548367
0.5461725291754912 0.042599800782964437 0.8469485883601264
0.507765153370502 0.07559220466591254 0.9450865561639865
0.4923820150826433 0.3691453782966123 0.8833539993141997
0.5491285445663909 -0.004429976284883841 0.925879388750616
0.5317810161508276 -0.06048288045681249 0.8887938687730155
0.5364755119313666 0.12093415759414894 0.9222682495159785
0.49212127806424666 0.13327999590843653 0.865882442614313
0.5339628782985701 -0.0308542256144666 0.9412228688811092
0.49096528186753363 0.2867671777362726 0.963027673120489
0.4884839661075665 0.3110383669793362 0.8077946497268285
0.49805838969322014 0.29690304029299686 0.9530931258446209
0.5420575735993385 0.07163174112641979 0.9258975647902137
0.5330239953144468 0.12848276327890762 0.828722512899108
0.4980144489980425 0.23241654424703206 0.7941242162679978
0.5366785548996993 0.04408373961707168 0.8095253260180948
0.5230105745498854 0.21644256191178668 0.8597616063619008
0.4942391783024524 0.24311530411096216 0.7966091026764487
0.4752183593236694 0.31865312378981336 0.8265073441581714
0.4675706682305164 0.3309645071622338 0.8853948430332039
0.46552667586927987 0.3690412239419638 0.8825464714054982
0.5226254740059336 0.2077460298663496 0.8409944923004717
0.4932411782162424 0.16694087488095466 0.8184337903804824
0.48794405516979394 0.34841985683173293 0.9401665328669664
0.4957389965467662 0.13784842083515203 0.828075750341668
0.5000182446327383 0.11379684436474591 0.939255964281222
0.49077130452400725 0.25137350981446493 0.9644786791422278
0.518342669123978 0.24330077533669847 0.862042579107667
0.4940624892571505 0.2140524459308466 0.9650310361225266
0.5015239627496021 0.0858228578496587 0.9151658832067656
0.503922061724546 0.18395440978943878 0.7920791613839271
0.5397829617721963 -0.06966695292333025 0.8509545953041471
0.47863175259655394 0.29634567440462467 0.94525341141128
0.48231797965605383 0.26008690863507056 0.8173532362434583
0.49850113572913635 0.1861343724922384 0.7976204786402499
0.5461791000990617 -0.09178607821428941 0.8813926064946843
0.548158286455051 -0.01867516483077658 0.9289853323924796
0.48838922136962365 0.24013437723642506 0.8059344594128491
0.502307365589913 0.0991462846841209 0.9363535889839959
0.4765440837107061 0.4103100085777647 0.878986689407105
0.5528609269382645 -0.08242049417279618 0.8796079619468236
0.4726987677684475 0.3355243152757512 0.8354710646360398
0.5207352122893826 0.23169053889425495 0.8898328524885648
0.5048448802269725 0.06556601284912 0.9074235182247128
0.47216304772563367 0.3271099381506155 0.8398694315949727
0.5023507355870496 0.09465405807644478 0.9312223230223137
0.5334864705770898 0.09737638339130994 0.8157729842395034
0.5194614741106105 0.1262969215318961 0.9693654172569939
0.5261254748022702 0.07391175227609637 0.965392590895695
0.5241548718871166 0.21143997096272527 0.8864094756718098
0.5050038776206364 0.2877069047543732 0.8302043190160444
0.48869443411094676 0.26354212355560147 0.960111792342897
0.5494736593939135 0.015224735883456741 0.8651641793847865
0.5231320069775903 0.17097545246570522 0.8152520713237198
0.5506540995878881 -0.08446213504457178 0.8913090513653956
0.48244034899325133 0.23788060433284208 0.9367016524004508
0.5503550002652642 -0.07636684758779921 0.8629148682687893
0.5488107911864111 -0.08501351359415454 0.8952661792586203
0.5479718110717814 -0.053663061152467995 0.8443640444898552
0.4732147053544894 0.27836206205639646 0.8874988123184324
0.5318488763133583 0.03068588688523688 0.9565959288496886
0.5417413530526344 0.05686099471488326 0.8352757964232875
0.5228282034179723 0.07294281322368779 0.7993153350175777
0.47063044912995045 0.31002249299423523 0.8969752546394407
0.5219832712161652 -0.016719881393995273 0.8920537430468032
0.48498667408513696 0.25187785506290794 0.8145901910435955
0.48324711356256045 0.25644165094058735 0.8187214299570306
0.4910237813008225 0.18962532813529753 0.9456768206244528
0.515014438523295 0.1151718079636308 0.9673753002779485
0.545157486358972 0.05894911212205578 0.8788859233236112
0.5525811945970631 -0.037669220743869136 0.8909897980151861
0.5115621732243272 0.038299014601749004 0.8516006002238109
0.4847148618281863 0.19798081492062458 0.914710093802771
0.476505236454782 0.3143076770995483 0.8287014476560488
0.4935837010155085 0.32153583910796524 0.8239221492255921
0.5515823045069395 -0.05889151638836165 0.9005390222495568
0.5195689036011448 0.13996201956570564 0.7983600856532707
0.4890818159259587 0.19594549281286655 0.8244698912541213
0.5024931266444514 0.21881333865519714 0.7970712378865521
0.5110169488565903 0.16150434961900917 0.9678431559664444
0.48683704229182106 0.37444950381204745 0.9030588560954257
0.5463905507236091 -0.06368630407167508 0.8514482720545856
0.5303544651579656 0.011042422563510623 0.9489370509164625
0.4955265212292908 0.12621648966917398 0.9115212622273814
0.5124969058076478 0.14251072392195052 0.7951683992511377
0.5356417117213613 0.017102500833134027 0.8142748780150932
0.5328480457427955 0.1265259532494114 0.929000790729062
0.4944986419341516 0.14866609744002446 0.8334518757083311
0.5333245008358292 0.012257535791899699 0.9492808736563062
0.49287232075188153 0.2695270933769707 0.8047684552698517
0.5464521249131846 -0.047038660347854755 0.8442173717220186
0.4919816946676958 0.1915402894923095 0.816583380518789
0.49548369844630147 0.2995981754675783 0.9467593896193743
0.5453157458706702 0.0214356659125583 0.8432221318440849
0.5284856682779957 -0.019037344503790576 0.8384396932146264
0.5328995487944832 0.11906833741811562 0.9329811379561009
0.5334820126756388 0.02941900294710109 0.8116103475354352
0.5355784831335688 -0.039393673451763034 0.8395569856611618
0.53695081876364 0.02406361038044924 0.9469180499956511
0.546461345917376 0.040218636049375256 0.8855050774873173
0.5506327955388015 -0.06170571111458001 0.8954475558560003
0.46935322719641803 0.3395700107087998 0.8740045252154962
0.5344789048682407 0.08252772238338091 0.819328114678632
0.49300943179913187 0.13634646740599 0.8757363353448544
0.5428885339568361 -0.04847060962852767 0.9218894201940575
0.509491907097466 0.2164834224910841 0.9575459564156374
0.46915968242361805 0.34626236104902963 0.88937214588575
0.48895913624890264 0.3666285180293696 0.8969716159506169
0.5119447368707318 0.16571524788538294 0.7968606629964498
0.530808500934373 0.09945973792599938 0.9487382715960482
0.515451988340394 0.16281417573857304 0.7994703920518416
0.5189859883437956 0.18668785503307728 0.815144429746417
0.5261815098837749 0.16940030636915848 0.9284242373398757
0.5207424100376999 0.22272509200951696 0.8722019804306471
0.5458986672954182 0.04219446803926674 0.8896161227794854
0.5264363181150619 0.08753143857796886 0.9582616105568181
0.49315722909532267 0.33609024886402983 0.9236944330780951
0.5309617722446748 0.031679928909890354 0.9514874737934974
0.4774136502551367 0.26379656067612656 0.8522938816156631
0.48402220353687475 0.3089652318230507 0.8176531077028469
0.5470024487977599 -0.06706698671558309 0.9005591372467986
0.5481441580589538 -0.06773581917123894 0.8683946010914603
0.5485369417289712 0.009841230392320988 0.8711330219367568
0.5207060108225624 0.12026152689192404 0.9614113781787216
0.5243133620608322 0.06247119758109099 0.9570201760166831
0.4767004754231182 0.3788998458587991 0.9133481360412794
0.5316879955504205 0.12662794896208052 0.8323506185889742
0.5203662168861587 0.044103303098956825 0.8151877665092204
0.5353408228134847 -0.05299923312108579 0.8632995946192157
0.5213268894687979 -0.007936832721660458 0.8782283158797137
0.49181725943164306 0.312402526796165 0.9425519402911917
0.51433907498493 0.22493112582310104 0.8239549005269475
0.4756359541253291 0.34498810253395806 0.9256432434153528
0.5240772831497297 -0.010494707711260931 0.9115443590188467
0.48194481742140466 0.2182745634504517 0.8982809339674908
0.5275313043258407 -0.031092546876725358 0.8883261763590776
0.47679224699997924 0.3572714450343102 0.9242132430135084
0.543768854930675 -0.05867000223995533 0.9091864153791471
0.4861454671968717 0.3303858589103825 0.9380874395064253
0.5172932795703202 0.21305495451138556 0.8281657024114968
0.5094768400985968 0.23814130445414872 0.816855593548763
0.543288582301438 -0.06973273096232169 0.8879747678624793
0.5030962686614255 0.08087819327235346 0.8753521502756236
0.49032946709316355 0.3068332859847698 0.8173132919829106
0.4810760632054609 0.307034829687725 0.8235682339426187
0.47844619305541836 0.2449475726252719 0.8845535526550687
0.5004938990667289 0.23006383820098764 0.9595581072622947
0.5239586972233576 0.0005795382816566885 0.8394182747549483
0.5151082244316473 0.024807214295837543 0.8600912781107215
0.5498803148294389 -0.05460491544330903 0.8847417344200299
0.5131611744526328 0.18805510408435744 0.9572961776559706
0.47464466620888907 0.29368963698546 0.905581609970802
0.4772795693371463 0.25997214521771417 0.8963340965534462
0.4834680512342566 0.35417350565105465 0.9247621139920469
0.5468214719350745 0.025304687484660082 0.8770400574968913
0.53991680003364 0.044896214847767624 0.9312322679705867
0.47745243617244837 0.38918329716935496 0.876810195012509
0.5142573354398512 0.02743020397556739 0.8682718882911744
0.4769956994696748 0.38040452421605275 0.90486221786532
0.4984937177463974 0.13453567786964715 0.8306867867074548
0.4883764745032131 0.2092089124923504 0.8272460982236217
0.471707444251972 0.32989446902622754 0.8971413002114504
0.535422575483508 0.06649037591242957 0.8222084297720944
0.4771529501576933 0.27466860602506804 0.910573907316941
0.5394545141632258 -0.060904539563407134 0.8859591288178431
0.5063454562727653 0.08481098802223785 0.9258616239119208
0.5458691151363628 -0.045859548598292 0.9090562217480593
0.5410717513705843 0.07681342557821624 0.8694727672554582
0.5124163423416144 0.26334719793279904 0.8758125656365
0.503807478930495 0.09792796354567113 0.8375425058244599
0.48459742564880454 0.3738161717249717 0.8743778672082505
0.52877276903123 0.03608734303660599 0.9476214489190292
0.48528973088967425 0.2835560239969155 0.9430444062315418
0.5073699787902585 0.24194899165957828 0.9450332376283199
0.5010679178426993 0.14534766717455838 0.945921669074007
0.47954655933513585 0.34701591808225274 0.8371095457870368
0.5308329161108473 0.006088089790434292 0.8238316515092715
0.4719133136977901 0.3632294251630843 0.8659575603905969
0.5429150469591307 -0.04569964271461746 0.9110918615807505
0.5211311706818919 0.06034773510802971 0.9497334511547204
0.5462782285057423 -0.060370307385992694 0.883073834714369
0.5114881282706703 0.04751097225208234 0.9068408140646994
0.48650677979913837 0.34715200828570225 0.8404929428292341
0.48770691139920247 0.353024328952368 0.9123927614300914
0.5383376160867683 -0.01468971078605863 0.8321981439979476
0.5440555021052619 0.047953042328702455 0.8784157184238582
0.47740581191590775 0.3749126209278626 0.8582192676954867
0.5408693078000314 -0.05128596665467988 0.8583919275147556
0.4886488729007326 0.33521513187561824 0.8356208197065901
0.5057416423435594 0.27360682250507606 0.9260954435492339
0.537637223946063 0.06587955967605463 0.9281437887645281
0.49156410156617947 0.154765542547028 0.883660332702684
0.48914387206065657 0.22721397396089626 0.9414694280387634
0.48307354246068046 0.29988012030624267 0.9370995242970149
0.49609030829704015 0.32998829792541207 0.8594858465087778
0.4789426625032629 0.26407283021173944 0.9103836139900346
0.4957450831210411 0.2466830347076745 0.8076927696954832
0.5404389190914503 0.015682567495376 0.929209946317213
0.47905418650792675 0.3368071644909496 0.9248724041608747
0.4877373196153324 0.29860568550869804 0.9417272064076043
0.5263319741386642 0.03999563948848461 0.815096257442982
0.47641948147600854 0.3235113877391611 0.9190229517699648
0.49897725309472557 0.13392517030609596 0.833040138326183
0.4733937314475218 0.311904355491885 0.8893219771847927
0.5465719581833597 -0.011537087466449325 0.9047608125189703
0.5346397404060387 0.034354293003517444 0.8202565072761904
0.4854236950069629 0.3254501593281627 0.8286201611426591
0.5170964811989397 0.2283302653277639 0.9074803315695722
0.49116160340478343 0.311623299160968 0.8258620336907351
0.5275133618585608 0.019245836318800613 0.8233046166643545
0.49943965359963327 0.11355911330347501 0.9047871204893053
0.5440914068119264 0.03381096604809031 0.8606736933366561
0.538336694846341 0.06433653083843227 0.9232647168518127
0.4984948499545743 0.2182592292954233 0.9541590118804005
0.5113119211689733 0.246298196587734 0.8371418118709656
0.4972055856776565 0.3137344788641614 0.8430870231059331
0.5437583360781127 0.01911648651277975 0.848950129435285
0.4906627979558982 0.3497584465898185 0.8951064726133263
0.5357031325933594 0.08179103885216321 0.9271975612406258
0.5393192438419554 -0.04271890910754039 0.9074733398391039
0.5285887135928696 -0.003222755081546902 0.9246196326491061
0.4770801199316982 0.3565444212584268 0.9117153430314653
0.5203839696095909 0.029446715671298307 0.9282357933410048
0.5199295349146602 0.008905011477345681 0.8663010211553456
0.5412901492209622 -0.04467981157331602 0.9051891252315604
0.4815599955214124 0.23055747588637265 0.8831379307491473
0.5416897638749071 -0.010451948290094437 0.9215741165965456
0.49924794371787756 0.1513138204105049 0.9389938691597708
0.480629366651639 0.24209181369223165 0.8657822247402948
0.4737932536298545 0.31430737526620955 0.8722676221080026
0.5165724855581251 0.0960592984418227 0.9519272431567556
0.5274718072047423 0.09040669622423447 0.8126260731762868
0.5121220249453812 0.09206979258264036 0.8156961264877953
0.5354757457626097 0.09336846595919779 0.9190468423912892
0.5024274475274331 0.2932211132003002 0.914794783695234
0.5132668170245673 0.0746077103427516 0.8227255122051558
0.48942013107083854 0.30362063672187345 0.8230252784868054
0.47803424572385056 0.3602827370994435 0.9078330822648697
0.5024926827842204 0.13839494696793686 0.9414672839460516
0.484095354113484 0.212975654699334 0.8882149275738048
0.5246243373312892 0.06808219194308807 0.8111561526457447
0.4755127054631286 0.29166287528196966 0.8833019733443508
0.5324817804975793 -0.014391968960613122 0.8403215491506542
0.49427295780494457 0.19218482745148124 0.9403102931774437
0.5334637281638256 0.11873546904475019 0.9092659594547159
0.47836641318238626 0.33950934721451187 0.9174317268872799
0.5395985849555733 0.07931377316989385 0.8712861597027516
0.4917467514598512 0.2958286802251262 0.821660135742504
0.5174203830897075 0.054411400194191994 0.824811058009361
0.49421415757787945 0.2132327271374317 0.9458638644245825
0.5349694710593408 0.11588404738310354 0.8690372823711681
0.5209143933765699 0.17074834111448078 0.8229141400415712
0.48053191402366774 0.2584751614148195 0.8503936925065492
0.49322785794730595 0.2943855185272355 0.937638167753186
0.4910038901961011 0.339842924331315 0.9061936250890137
0.4998857471007084 0.12201686808525913 0.8447694339053475
0.5182394841315479 0.1819083226758198 0.9397399488417002
0.4950764074447056 0.2381739225730075 0.8106511454217842
0.5384414605601424 -0.012817129924886927 0.8383040013051839
0.5175178563715016 0.09246997595059936 0.8093331884766684
0.5441911482478633 -0.03254118540121098 0.8581208179966628
0.5011553016192511 0.1277795334794387 0.8320115502472358
0.5436776406945112 0.004515498986923383 0.8504209283890698
0.5210398568727007 0.052059124255569245 0.8195175711791481
0.4863115557823666 0.23686587844183382 0.9291403629248649
0.5290449990852865 0.05665077759993231 0.9435896030937583
0.5111379082292785 0.14710244693898744 0.8047162698969235
0.48154986238493575 0.35897340752412976 0.9054481200208664
0.5089260480279646 0.11344033005992982 0.9443898966988146
0.5139634324381325 0.1041100968742028 0.8100560434450457
0.4774056134893919 0.3210045466882936 0.8462535804522735
0.52373321856222 0.18168253420504143 0.9111624539657138
0.48600554992572237 0.34301650731039457 0.9153313282879416
0.53758894206106 -0.04490775609893993 0.8809845014935614
0.5069895885663211 0.12226857276964065 0.9436346383984923
0.515650976530727 0.029147453637165643 0.8825055607480726
0.5369893611475243 0.06907626881169815 0.9216111366049029
0.49300436533306985 0.16505059491630547 0.9126957657551602
0.48755453774427243 0.3514946284198106 0.8628116395655528
0.4989849836601559 0.214746852764085 0.8086341371905292
0.4850459009937646 0.2100141414345975 0.8892928580814196
0.5446578073538123 -0.003750801914693236 0.9025274235246985
0.4956839220897087 0.20474907030224676 0.944711167661709
0.5327844190374821 0.09952017226091092 0.9251228794624282
0.48859348320550733 0.1879536677436402 0.8991258724776062
0.4822559084838684 0.28884273790076254 0.9263139805917388
0.51997052275357 0.1548560312126761 0.8154186788759181
0.5259809577126083 0.05148086353560233 0.8172888430041148
0.47807620990619276 0.2760197809311178 0.893700178718944
0.5365956080116184 0.0662229476126357 0.9223849867215907
0.47437865743271035 0.3257405378608276 0.881228922034588
0.5077158605247516 0.2402055034418602 0.935319840742126
0.5300064531755952 0.02597333071484087 0.9349240746169373
0.543803810469327 0.008281108042171859 0.8571221312877919
0.5311556996336124 0.13466914737619629 0.9021161085174433
0.4764844663441741 0.30289204802458247 0.8613160824565698
0.515186155222178 0.06536333809844797 0.9321630129690743
0.5118509556858823 0.060923582910206164 0.9138481056559096
0.507243849886201 0.27789838090634245 0.8868587484878065
0.5439213282065636 -0.017566117573705853 0.902022277684488
0.5279498871176455 0.09000883281452454 0.9413774412073174
0.48051885942083783 0.25774754566565816 0.9005427006349054
0.5281602364786874 0.12528008927854062 0.9293505432646465
0.49492180834853583 0.17315348265152242 0.8315471051594499
0.5240475716553511 0.16110607071349303 0.8343432745054709
0.5202602192438747 0.14720427261356184 0.9437727423748664
0.4770079885075628 0.34753299533251036 0.8591460511572657
0.5195017208426292 0.026925051605150685 0.8481807475550245
0.5100488639428807 0.2512056861097265 0.9140539428643213
0.5136775015130275 0.05628837947073695 0.8431914145694968
0.5403901093292506 -0.02071988316311879 0.850981596848184
0.48866229409575973 0.3200767054603024 0.8364996766247623
0.499246362749104 0.234568247893566 0.946049202419377
0.5251995409975551 0.17517370421767398 0.8643983343362499
0.5310726591834443 0.07375076479506015 0.8233816578628512
0.4783555715678605 0.2918172668049941 0.8563470757112535
0.5054103025747871 0.18342498751591174 0.9496750313883102
0.49681843514015633 0.3115861110791345 0.9073196842568171
0.5050163003823465 0.2857738476662597 0.875501173131203
0.5238118934958456 0.0010671112617952616 0.8782794138121321
0.5229439636007933 0.07253915832092561 0.9425706228068453
0.5322292317359436 -0.022894505284375644 0.8941871564651959
0.5248086285345079 0.0802013689958394 0.81512221408118
0.5078675368521935 0.11106759072573169 0.8233165719024743
0.5103809931883753 0.16674915237287813 0.8082425997704386
0.5085538246118859 0.26788567625476034 0.8883549263008759
0.5015360414726603 0.2982156413938615 0.8940891998115199
0.4791318061646996 0.29157964119831314 0.9065553964991503
0.5361725013839118 0.014085710649257344 0.9235905129110955
0.48165611286000826 0.28097864115029747 0.8426796380388422
0.5239445380456885 0.1778443031918262 0.9009949431871358
0.5182710521290236 0.21259744356618748 0.8600978242089938
0.543805943669359 -0.022399375338974847 0.877715378410838
0.5199390635208184 0.20702804595147573 0.8791049727601724
0.5203562633102792 0.03069056146681337 0.843879924878589
0.5006236859723521 0.29747298142679846 0.9019876160571351
0.5152079026967419 0.23204630926715897 0.8911528627814126
0.5091477366854411 0.26159877585146685 0.8629943838776966
0.4901878279800345 0.3095959690943202 0.9236822438450494
0.5368879705490883 -0.022149834446361094 0.9033171233464166
0.49103055267842527 0.17415035944066393 0.8752427258797286
0.5158439604356652 0.07316211355321123 0.8249744756349118
0.512758506308816 0.22101154035026394 0.9252383133350883
0.5404459815938912 0.01950011285661679 0.848847137852315
0.533057753679113 0.012710376517192312 0.8343808566516768
0.5322070151766005 0.12585689954389423 0.8790325078769283
0.4849983782542132 0.3362911974261893 0.9087577036223317
0.511621870269924 0.15596767134652367 0.8095717889999592
0.5355910143963127 0.08500402599048007 0.90785614881461
0.485695069857808 0.34634734653135046 0.8942904207993985
0.5234492669144448 0.15578870231322695 0.9258284077599549
0.5080037462915278 0.23893898333678987 0.9285707342426192
0.4981245967171674 0.22419080468971186 0.9431113244239185
0.5364567701153242 0.01619353763397946 0.83750106388708
0.5332626147703947 0.0671291208375715 0.8325269804043121
0.4850867141873917 0.3279167403610077 0.8463503571108343
0.5004914777970942 0.21901321883461566 0.814059529626129
0.5426819928333658 -0.016331165800260283 0.8839943522992884
0.5300218958093701 0.03131436596074266 0.9281690547278286
0.4991113476489942 0.25050559551532947 0.8200325483097652
0.4820831463369848 0.2648505270868271 0.8535637058171124
0.5251765586487607 0.15785782915686886 0.9112015380514672
0.49545682515482686 0.1624188741123187 0.8458955237741473
0.5025351156494604 0.17922685444547248 0.9424585373731418
0.487733206841559 0.33662343108892046 0.8972528120619695
0.537793983875902 0.0738124351102929 0.8715281958491241
0.5171942955729778 0.12030720228585912 0.9437978850598769
0.5203963693419472 0.07014272795195042 0.8216099755097874
0.5272950860663972 0.03543550947555918 0.9279407956909056
0.5230731816063738 0.11190831935664836 0.9388308677252665
0.4987448938191849 0.13233066513062575 0.8617090904111946
0.5334326223554217 0.04841642146468894 0.9250229739152329
0.5086218275017832 0.22589265156787208 0.9311283238249151
0.5396627556993093 0.05232493990991971 0.8867362508521812
0.5175157513920863 0.04323231082264467 0.8492711908394085
0.5320862766925214 0.10070480503470147 0.9137676340546905
0.5061535779088477 0.2004461478165238 0.8142159977934991
0.5051117282470192 0.12124811707376981 0.9253085515542435
0.5371400824560381 -0.010237572097619552 0.9035485741017657
0.491983457615053 0.18277046957317067 0.8530582438638067
0.5113274925901322 0.15157844137678467 0.9440824558968377
0.5344919663009197 0.027286484600415495 0.9205512931348575
0.533507544643771 0.10555176153416479 0.8934740089029947
0.47848707978053895 0.31757281024735784 0.8911883313127789
0.4896001831165694 0.1913493437097027 0.876867890850809
0.5287698515408339 0.13778338770971565 0.8999371910997521
0.4838121640834691 0.32820861595712625 0.9055143299318753
0.4880603944672876 0.3306110783403424 0.8584142752033348
0.4829048482692948 0.24836492364303053 0.8709044842856486
0.48528384655520895 0.2403476516357439 0.8515167323494612
0.4819802237132314 0.3438547046589546 0.8776535099798108
0.4856178313977342 0.33999391200798845 0.8700835258482019
0.510279359563748 0.24877705392787153 0.8619145411310973
0.5352961462414172 0.09127584132070554 0.8847727553695262
0.537265139595135 0.03894039339430755 0.9108150160650973
0.48485876097591274 0.2615345525204411 0.8435290204310681
0.5068696199125543 0.08678358482515547 0.8712238884058704
0.49295294063625034 0.29318411570462066 0.8356710176352443
0.5287281802532522 0.12948019036297165 0.8491372999956054
0.5326889431341423 -0.011412473391095634 0.8652902328231105
0.48333947178962844 0.29850698463102443 0.912736009375274
0.5304895254027103 0.10699287448749217 0.914186360304003
0.5141412193871331 0.07055802188325222 0.9177680410069762
0.4891645613915119 0.3209087947720395 0.8522919863029588
0.49767100302308964 0.17809042275157827 0.927892870657903
0.5232612057587369 0.12680386980378966 0.9319497459893447
0.532078318604797 0.016646059691807658 0.9162943499727166
0.5372224976144659 0.037088979368201436 0.9094101632603048
0.49390552280416655 0.2973969136064283 0.840935073681278
0.5066304204809449 0.19516915134300294 0.9402325414720281
0.499729007902453 0.13105948747829865 0.8956358158648481
0.5338930348835523 0.09201701902005244 0.9008615907206625
0.49121014310771016 0.2655516212986848 0.8283085422076435
0.5108647454937744 0.06778126670971041 0.8828422310546009
0.514811078054128 0.2124377767972918 0.8447754694137283
0.508559949012815 0.07945845192933199 0.8824269056678082
0.505553396126207 0.16651163524821122 0.939445960796179
0.5098388632824634 0.13031434007882892 0.9370870122112192
0.5331752602963705 0.012142085411573245 0.9124473510550142
0.4817019455777061 0.2929633213216003 0.9024519246726286
0.51232460900444 0.10685082689099046 0.9329070139636976
0.5028395928419671 0.25218358444651523 0.831052988856536
0.502285074565634 0.20612357581717156 0.8171942643828599
0.509707390839101 0.10069307828347984 0.9230792349744648
0.49820265111211814 0.3016334933796805 0.8840453385675661
0.498730503584522 0.14384218978233232 0.904916935626162
0.5219676853234353 0.14882174481895616 0.9258168897150003
0.5180494838049134 0.09094143427306145 0.821500078081442
0.5300936646126926 0.030125335132554554 0.8365480122231319
0.5151918305598636 0.2043375046828526 0.9163489152698713
0.5149691630917524 0.06112465828851521 0.8482377536754282
0.5217033137141812 0.07876582341744731 0.8232324666747186
0.4830376129397459 0.3322289006475567 0.8675250412651064
0.49528501394755126 0.19737218222418162 0.8306978722809655
0.4862602084009332 0.3316802070110896 0.8878603484706976
0.5140915295623358 0.1698270100050876 0.9355769189302686
0.5273766946729858 0.07037197201550294 0.9282898945184846
0.500536937225681 0.26037472080286905 0.8327404160747848
0.5195762492435515 0.19417352942291277 0.8642997044392002
0.5390442858366234 -0.004055530561659859 0.8725146822523573
0.4865650135602667 0.29627104957648953 0.9141345133102857
0.4902168831960758 0.324554788126449 0.8789696021814852
0.49267852823883235 0.24831034307345679 0.8281568493649603
0.4857606760937128 0.2739095647999559 0.8432754200478797
0.5298970878115414 0.07373143344400201 0.9227957870769572
0.5231859584051677 0.1038241766130028 0.9321238545749049
0.49819599200830705 0.16953783486308627 0.8354537218980375
0.4934078108985323 0.3114740090246295 0.8635684114747578
0.5140491510922638 0.22547074196951433 0.8869860789313981
0.4865639284709917 0.3293342154188732 0.8820134408652937
0.49637084629908945 0.16533430581582298 0.8491467068340086
0.49743255995688956 0.2061667275690353 0.8246099177926551
0.51473773033041 0.18056351156300243 0.9292114023884281
0.5133090493393065 0.18304712894246267 0.9313253588549603
0.513609922971683 0.2142871733400149 0.9105717085841935
0.49677708360901196 0.3025747802642238 0.8782863874319112
0.5035094138437934 0.20477286201176836 0.9353410099305852
0.4985633821737042 0.2952179964735353 0.8706960340026071
0.5300604220142606 0.034386489750871885 0.9162776625733968
0.5317630895519899 0.025945704001696157 0.91182287594666
0.5053246090449928 0.11059149594054984 0.852633675115136
0.4970639108073155 0.15233352337554695 0.869158975815445
0.5243461693049305 0.02051779513859442 0.8906547240001972
0.5195276365043485 0.18477122404169677 0.9027809672482879
0.5046283182438907 0.11610390621619926 0.8509287350438111
0.4944712563317296 0.18843526433071434 0.912199594908491
0.5368987545636043 0.03163504917647808 0.8570035217975956
0.49638283655234106 0.17532712526451366 0.9125860794845506
0.5315741106786785 0.06266244764034923 0.9161562251149769
0.5189191689192352 0.050176415591248524 0.9067659812117688
0.5014377773178613 0.2475205233837472 0.8310452858219447
0.4981536902543968 0.1501741486422814 0.8972147595232636
0.5179698636734817 0.1615309821709512 0.9262211515832401
0.48500796324996887 0.24930560784858447 0.8672328068632853
0.4857825152084302 0.26840158235351996 0.8490552749440565
0.5322874224615696 0.09730319628463402 0.8936257503241675
0.5144513497387344 0.1784619212350198 0.9275629887147839
0.530124849467697 0.005744409228852554 0.8692531259466307
0.5311514516755899 0.018723897610465112 0.8505722186649445
0.49325080465905824 0.18591257939325123 0.857282711344648
0.4896783511061841 0.29221892250541615 0.9111519581648164
0.48697940452152777 0.2927855371666861 0.8471445447551609
0.5381174034615587 0.01577004543839644 0.8769770171231028
0.5074542413825988 0.255083798401607 0.8784189524062674
0.5252596040515229 0.051972505872133645 0.8356898968248354
0.49498930886686804 0.2738328348551389 0.837327652341711
0.5149565601618024 0.07992209608977241 0.9162275801807682
0.4836381075293563 0.26887655833909596 0.8843815506566383
0.5302699338626791 0.03575683942556074 0.8430541840866588
0.5266888210671313 0.14013869376707078 0.8910176830341555
0.5194038985658188 0.1899439545526178 0.8730941177955738
0.5019213417319215 0.13812556005523735 0.8483652114522837
0.5128826475704502 0.1465514190300845 0.8213542635608222
0.48400843986376296 0.314722367110988 0.8760900336146233
0.5129846598944503 0.07430559463662867 0.8559869603807784
0.5359446505941555 0.05845829336496111 0.8811278468202823
0.5130894495958219 0.10433621540610982 0.8303570055913736
0.4838618854673912 0.2987422467339025 0.8628622051435931
0.514895043261044 0.17184552151001276 0.9262282763185943
0.5207961036473514 0.1784138505098385 0.8661294020489184
0.4918006205409974 0.2966788570179615 0.8516238205435747
0.5035300521933919 0.192436411876741 0.823319579691212
0.5277467908870731 0.02955385891399631 0.8500144375247559
0.4919792253371646 0.28176664447869104 0.9115853276231449
0.503570244646966 0.17959065764782345 0.8246312513952304
0.48328910107582607 0.29079416284653714 0.8815793570201256
0.5058710669440962 0.24340830516168221 0.9097376115905593
0.5002065217299547 0.1688327306970563 0.9189552346063405
0.5007407605587684 0.24389241072153478 0.8327376700000026
0.5229931705132342 0.08065776880983755 0.8305840039201933
0.492889895775944 0.18962328964898978 0.8893205396650103
0.48754487447282197 0.2528672402166685 0.9029742452224941
0.5118427797402696 0.09387581985770543 0.8421049264087157
0.5331982716502521 0.0466057346584976 0.9039392903202005
0.5098303323690013 0.09232663315764 0.8989458034192023
0.5159569253545142 0.13130017634977653 0.8241909835049998
0.509492767603631 0.1582791833207895 0.9306955594396221
0.5020859788584993 0.26517864797319035 0.8535568378458747
0.5037840012395063 0.2649240356382312 0.8866858613254294
0.5126398565202497 0.22373877285893373 0.8726093957968286
0.5215521280949411 0.12544369197649452 0.9228365991840383
0.5193220807219827 0.09898611675538893 0.925372052461473
0.48946882146087456 0.30626568606385973 0.8657459230797228
0.5169103292417414 0.05657088829270274 0.8661345723547719
0.49399700316851236 0.23763389526563428 0.8353421579436243
0.4923378414527003 0.2486857208763702 0.9157309869292175
0.5132824963398006 0.1782333602726447 0.9240235263283337
0.5073351370007931 0.110059828714415 0.8515568431572024
0.5022823544730206 0.2679597250755088 0.8915298544657407
0.4977037144276839 0.18023221693931557 0.9123353337216396
0.4953173383293157 0.29168017302374993 0.892028773677175
0.4877359210923651 0.28626298443625586 0.8528784033199132
0.5245121024349017 0.049777550877874166 0.8438998360523743
0.526295447294814 0.02846824934293135 0.8942145683327143
0.5214941998339797 0.05065516522553093 0.9046107968394735
0.5350800292478193 0.039710731552832 0.8894639034095386
0.5056310503769367 0.1686922153981829 0.9274679568748551
0.5134429519631298 0.11586957734869996 0.9247493566062561
0.5200150207182512 0.09902964227935263 0.9243455466005596
0.5302296718546805 0.03227115179684015 0.8524564718999068
0.4974845280550916 0.24905941740047366 0.9182775179180167
0.4892112510770944 0.27987623012039053 0.9046008158107677
0.51955463488228 0.18216948515878162 0.8744999002967988
0.522128359295648 0.15578912167724646 0.9016298277228662
0.5064651931054251 0.11477738988530017 0.899651956681274
0.5027122711418174 0.2595357333341948 0.8550142272705198
0.4850769505465216 0.2910164322872948 0.8764450262427149
0.5255307149247317 0.03623572403187714 0.8559489521520194
0.5004178857422483 0.1460214846368295 0.8617697432167882
0.4928088728273711 0.1981017727525085 0.8903821836212013
0.5209074820722857 0.12155834203407556 0.8319297315375308
0.4978135316959428 0.28429834539415255 0.8742193496786814
0.5023676822064409 0.18532068005834512 0.8294585157865486
0.5094193918517842 0.1789449099971656 0.926085019637793
0.5280476161002725 0.08452800570931496 0.8432519820432129
0.5345316882890933 0.037919085643238315 0.8706989007932346
0.5239392801714536 0.1423121720791669 0.8989105561545079
0.48831852723116764 0.29161970542868154 0.8608520748438739
0.5319090656894546 0.07579699582006416 0.8617000555074705
0.5190255382678766 0.05394866364523798 0.8646533467336759
0.5077831807466054 0.19469575898937563 0.9231398279262533
0.5174127912214227 0.15930928472501948 0.8362758008659182
0.4921695852810537 0.2542008693344444 0.9097626116879703
0.514390251957597 0.10527118126546764 0.9182821924783946
0.48636916539788716 0.26825235141618897 0.8742552491887784
0.527055832112578 0.1166042017675335 0.8967061560236911
0.4966846425527369 0.17092985664359617 0.8801033697748717
0.48765756167240737 0.2801106503413373 0.8905388946296211
0.5030900539934392 0.2605223218782142 0.8730806369960854
0.5049009709778888 0.12307261300060635 0.8891860531715761
0.49421171343060244 0.1911452393303228 0.8687283055606038
0.5195896376738547 0.12023446724486986 0.8329699501204808
0.49065711377916826 0.27953832060386796 0.8552472697701786
0.5245420598442135 0.14210175299133398 0.8721080879293875
0.49767139232329594 0.21111278630962227 0.8368624211952148
0.5156252608624398 0.16398074466730117 0.8353283798430587
0.5124701978895781 0.12063481786504449 0.8335817402797825
0.4904932220282124 0.2217152903692261 0.8761843871974304
0.4890687952215275 0.2697968092573748 0.8961832425556749
0.4945086340962576 0.2850452711160427 0.8872459432059185
0.5174072739641256 0.14022965470075777 0.9195573842411764
0.4949127536021156 0.27007721681593555 0.8503352250665321
0.4873877616627401 0.262211156091662 0.8770803335743204
0.4990411005837113 0.16139055186985907 0.8620733938384405
0.5330004471658844 0.05058112890362931 0.8777773611178669
0.5065795516684947 0.174175595004745 0.8300456507810207
0.4976380394534466 0.18163023213570106 0.8501959204479298
0.5126923951225166 0.2038219263053036 0.8518506929891501
0.5096829920816358 0.10122471320532433 0.8922050670795785
0.49468705624165693 0.2840360786491787 0.868886379276748
0.5289677333073262 0.03400508291043769 0.8848838224178661
0.5152305545200653 0.1653517786812806 0.9159012795420439
0.5058393624981186 0.1266427304516644 0.8542021511236488
0.5231155371874652 0.048992465265920604 0.8607508069608256
0.4993019298522612 0.2529587398977551 0.8468860397618537
0.5137293659367693 0.1947526512731299 0.9027198461003716
0.5093914870532317 0.1903018686386213 0.9178979234638057
0.5270626033053867 0.06981497806605486 0.9048469809775216
0.49760177475760786 0.1720449282699379 0.8862564746641826
0.4996406357231558 0.22884804496961486 0.8379370485355406
0.4921353324588902 0.22703825862680782 0.8956241777508778
0.5018503678801947 0.18968758460137902 0.9163001324528336
0.521879664654391 0.054865846148911324 0.8609927508437826
0.5284461976041134 0.08831396797322766 0.8567321209512719
0.5022344269991629 0.25760296617688727 0.8818503113046448
0.49823894033023375 0.1985468008485456 0.8424866929175692
0.5027444154472197 0.17153901350026768 0.9129713753238169
0.4896049973156421 0.25624058084197365 0.8649989832970919
0.49453493848788144 0.20365733703301236 0.8595400454909705
0.5106696065595249 0.12106376787448836 0.8420646462551635
0.5119427087542343 0.2123296931306884 0.8731756591280386
0.4930437804901506 0.2809264774197793 0.8786344724940294
0.513837037774617 0.18052948305172478 0.9085351986327119
0.5108320302732893 0.0985667415199516 0.8666064841819416
0.502429240524348 0.25378041562636566 0.8849381160577218
0.5056116577454661 0.17525330181382914 0.9170997684338653
0.5157086974482684 0.11726969040190482 0.8369292672374118
0.5211456475838965 0.12433409628982073 0.9090069828559693
0.49179975679344234 0.25291153098745944 0.8575625803687138
0.49985233522314 0.18590910662881877 0.8450129186990529
0.5176028830905287 0.10466691780787762 0.9119127870649821
0.5035644109915671 0.2003904437571058 0.9147864426724865
0.520601770319069 0.11891882873279158 0.9106043041727463
0.49833206909095884 0.2237041505986639 0.8421853458536364
0.4966360967350457 0.269995001706675 0.867550612211002
0.5110040868266663 0.10446306905956071 0.858411568156519
0.4952555117532984 0.21871897434709364 0.9009327782671701
0.5075643414722218 0.1170118831787259 0.8705611116440237
0.5293843163251091 0.05763715764259114 0.8841155125959073
0.4926956257408296 0.24688422713680636 0.8955751422820241
0.5090348658098305 0.15792156443638428 0.8358142618013203
0.5266810143570705 0.10890290099868372 0.8708658267454795
0.5160907216031888 0.1852040436614617 0.8715494029075659
0.527650131492231 0.07277888776357422 0.8936195871077806
0.5000949306008574 0.1760390520645818 0.90006810644802
0.5057830554173325 0.19705199674215512 0.9132671163326495
0.5291126154183332 0.07677405805076543 0.8796241486952854
0.5119175102188738 0.20391717910770746 0.862085431475778
0.513524516350182 0.1977454311731397 0.8817986698160214
0.49605707347769584 0.2581705097889522 0.8578646756499326
0.5020784874975657 0.18959504970312002 0.910001585493213
0.518691844139918 0.13237775178894262 0.8424394764689856
0.4953041560406761 0.26498791575335634 0.8658008235397924
0.509206075196158 0.21048798580001016 0.8971503161378307
0.5087474679183065 0.12142309640234616 0.8567677844716655
0.5135038856566759 0.09175250338831686 0.879318540805244
0.5102116459432124 0.19351318261332873 0.9052611647456501
0.5139218929351398 0.09324785878832209 0.8629957811545285
0.5062249253075066 0.1350396220462473 0.8581702054355089
0.5072666346134932 0.1268474050379753 0.8621390185127984
0.5281035871855739 0.07664915592390775 0.8788139506623005
0.5226218094901847 0.1301807155701451 0.8606802607771487
0.5233176891648987 0.09126977368095979 0.9003506402728484
0.49893578085991624 0.22393622153151593 0.8471141850279661
0.5218772806593975 0.1412322934228296 0.8749023163771164
0.4972237429684401 0.21071379308002136 0.8984695554711573
0.5184608686409569 0.14317664867390656 0.9021804213205451
0.4955186177521897 0.2119836806932467 0.8623996134989516
0.519975948883102 0.10328703156528762 0.8465731669198423
0.5241749796837256 0.08621179850900296 0.8951992302098803
0.5180117869884024 0.15128302504815938 0.8983790167377244
0.49629170248926124 0.2012590615577423 0.870502335506967
0.5059174052151043 0.18041980019421944 0.90903962662804
0.521885523323104 0.08600819878695232 0.8532498332625117
0.508647710950635 0.20668085664778957 0.8965654034871187
0.5188908951891423 0.14561504488514787 0.8961847376004072
0.5130820560061667 0.09983433910693407 0.8806036896806458
0.4952336828252179 0.2188882921482791 0.884632834892493
0.5186951961124278 0.15743320127276528 0.8686956120050027
0.49530290322708587 0.24500592258010867 0.8869947152656094
0.5114472860867327 0.1425239484267511 0.9068939213066113
0.49703285514197026 0.21916231112818219 0.8569792439635573
0.4971407645172534 0.20458066391205554 0.8874705958301798
0.49799999649623233 0.24374087893960494 0.8888836467115936
0.5250457008920746 0.09865085164311038 0.8810621751247011
0.5129280680454631 0.12806245808343952 0.8471426059935931
0.517440163478098 0.0901563157559706 0.8879845139796065
0.5081651368848138 0.12726723147563934 0.8773725354045268
0.5146742753683776 0.16773407398592344 0.8961505763867094
0.5193274851105433 0.09103102868673263 0.8921075663029086
0.5039611202354808 0.18332641729750865 0.9024487431082168
0.49867701136164444 0.233367441191068 0.891520799299727
0.5085910445529198 0.21067661448090602 0.8697284112775421
0.5135803154869878 0.16854953634534375 0.8987869067769576
0.5230581277836376 0.07680428311775112 0.8738832644899657
0.5209387378363769 0.13302359455001467 0.8666910981883584
0.506823883443849 0.15935436556988236 0.8488525705995762
0.5208707328660882 0.09838095869285235 0.8566661979392951
0.5054823111186133 0.15974024367041162 0.896484210851589
0.5157515060769625 0.10221043204073954 0.8600143041305224
0.5164900046441347 0.12390963656815357 0.849482702526475
0.5220647439000715 0.11504345635259217 0.8862577532797904
0.514746290801156 0.14777672160255717 0.9006157082197521
0.5029394815855956 0.18473967003251346 0.8966316427966523
0.5011087385780546 0.17763846423206076 0.8802810015835992
0.49766576809225627 0.23597583037115033 0.8731951918276868
0.5211268985186671 0.09980389181081639 0.8885874576012227
0.5003224667866079 0.1890673110700063 0.866720395266951
0.503235076965556 0.21528550130754143 0.8907512785988524
0.5172989738186281 0.12059901585308719 0.8952620312688968
0.504330078339187 0.19034104860576706 0.8972186392412551
0.5221191447451355 0.09776472353138255 0.8719013387273107
0.5212100442160704 0.11584494170275184 0.8815682106115705
0.5134797672311588 0.1645991971859182 0.8920269853075566
0.500427699965609 0.21159840763006388 0.8620615795935398
0.5115126004812027 0.1349624545139183 0.8562677055712313
0.5057611031955169 0.20063369153238275 0.8578336464263285
0.5129300018564664 0.14456423967907828 0.8953039887279423
0.5007490444957631 0.21808163677572745 0.8702783982558782
0.5128770012327881 0.13251878084245838 0.8917236298919458
0.5138828173927174 0.16207005156956455 0.8865408423612975
0.5128887773453321 0.13563311862441862 0.8574145636326441
0.50688232202561 0.15176562061747045 0.8711215659013658
0.5074587943046573 0.16708938997105216 0.88821510304253
0.509876876351969 0.18139619530677997 0.8665641138165421
0.5066093333654256 0.16234516744638183 0.8823866998603226
0.5156532853767734 0.13950068975893215 0.8691250811538394
0.5062748979122612 0.1926885341380964 0.8767714770674206
0.504890797027144 0.18938974607538306 0.8719443404706084
0.510103307538109 0.14994588393714503 0.8783998529100244
